li -0.126958 -0.156028 0.843292 -0.298911 0.446473 0.103550 0.132377 -0.123597 0.230645 -0.374290 -0.342899 -0.086467 0.288048 -0.084918 0.087170 -0.210638 0.304831 -0.213525 -0.376306 0.218018 0.088770 0.559605 -0.043103 0.251316 0.373352 0.124231 0.444463 0.294882 0.216903 0.051716 -0.295827 -0.039998 0.656473 0.031783 0.026238 0.034205 0.353674 -0.328053 0.282404 -0.821464 0.043172 0.029376 -0.161113 0.100361 -0.493950 0.213954 0.010463 -0.610184 0.000377 -0.171112
. -0.064677 -0.061397 0.557871 -0.099622 0.356719 -0.034753 0.347099 -0.155587 0.211964 -0.501500 -0.483174 -0.019886 0.133670 -0.057993 0.201149 0.000232 0.353976 -0.170563 -0.282943 0.026638 0.111230 0.335485 -0.196573 -0.078157 0.375055 0.001384 0.400767 0.103899 0.143505 0.012763 -0.309455 -0.152400 0.403533 0.162846 -0.146802 -0.099705 0.344023 -0.296006 0.081303 -0.618819 -0.087260 0.004315 0.046900 -0.032462 -0.245020 0.322909 -0.079306 -0.473205 0.055050 0.030350
e 0.179565 0.112475 0.570584 -0.571992 0.513276 -0.326269 0.488546 0.447817 0.156779 -0.794868 -0.336964 -0.068960 0.013141 -0.213226 0.175413 0.169267 -0.019571 0.289561 -0.139274 -0.006990 0.689013 -0.361314 -0.246367 0.407863 0.582524 -0.003708 0.119464 0.478694 0.219973 -0.327806 -0.137611 0.039698 0.064380 -0.517867 0.103585 -0.210137 0.274176 0.050269 0.006157 -0.882422 -0.506425 -0.008235 0.253564 0.482260 0.183788 0.213109 -0.231734 -0.307394 -0.233137 0.049480
jan 0.162193 -0.298691 0.436035 -0.379925 0.048582 -0.425921 -0.443764 -0.458621 -0.102316 0.410650 0.082951 -0.596615 0.576030 -0.711385 0.037919 -0.548086 0.371360 0.587213 -1.079278 -0.352805 0.193749 0.387690 0.229752 0.860453 -0.036711 0.067171 0.686848 -0.500469 0.058498 0.463095 -0.425769 -0.225354 1.211001 -0.117153 0.007707 0.109776 0.284730 -0.513790 0.018709 -0.255552 0.272114 0.450225 -0.397501 0.005702 -0.642456 -0.422515 -0.045828 -0.272620 -0.218963 -0.217720
ni -0.268491 -0.180571 0.521020 -0.326349 0.061578 -0.017327 0.228168 -0.111616 0.432523 -0.387386 -0.184978 0.287856 0.512443 0.357164 0.079337 -0.009496 0.322466 -0.292457 -0.273161 0.248207 0.347827 0.482158 0.105068 0.100501 1.105218 0.528298 0.516304 0.039030 0.298197 0.063824 -0.419679 -0.054650 0.469181 -0.240990 0.254098 0.362093 0.323188 0.170826 0.247946 -0.816313 -0.057648 -0.161286 -0.032313 0.539929 -0.219508 0.258440 -0.084986 -0.383963 0.130416 -0.256686
mi 0.001002 0.167576 -0.031789 -0.548801 0.331119 -0.338335 0.391160 -0.247864 0.241719 -0.568328 -0.235538 -0.099736 0.298817 0.181429 0.307663 -0.090930 0.262310 0.017766 -0.294925 -0.064451 0.829463 -0.338510 -0.426636 0.160215 0.846719 0.347898 0.301046 -0.123881 0.323882 -0.082976 -0.388216 -0.377185 0.160880 -0.184250 -0.162042 0.021838 0.425562 0.466819 -0.252261 -0.716923 -0.144381 -0.375400 0.406525 0.637654 0.280335 0.432624 0.014221 0.112060 0.231657 -0.413215
pi 0.114882 -0.119733 0.020771 0.257191 -0.033420 -0.206853 0.252321 0.354262 0.178778 -0.367721 -0.479899 0.160315 -0.094649 -0.223647 0.254198 0.221988 0.633819 0.016532 -0.104539 -0.192750 0.122591 0.062723 -0.128301 -0.001853 0.139069 -0.116444 0.372318 0.029191 0.048742 0.158996 -0.141504 -0.359254 0.132069 0.314600 -0.051114 -0.248591 0.297257 -0.608719 0.009383 0.022828 -0.188374 0.545952 0.176812 -0.102073 0.151560 0.218716 -0.656918 -0.620877 0.002068 0.331540
tawa -0.170351 0.015049 0.282050 -0.313053 0.551627 -0.257721 0.712354 -0.216488 0.018029 -0.500699 -0.702466 -0.104168 0.238484 -0.302965 0.282954 -0.129243 0.047431 -0.073352 -0.383331 0.118814 0.208215 -0.046000 -0.369143 0.045071 0.107863 0.173808 0.318150 0.059638 -0.169508 0.054925 -0.436293 -0.292495 0.425268 0.229867 0.037875 -0.140194 0.443277 -0.424071 0.297618 -0.621676 0.003808 0.090463 0.281745 0.106950 -0.372370 0.044243 -0.300120 -0.143495 -0.020656 -0.065675
ona -0.184609 0.086482 0.818866 -0.320538 0.180017 0.255121 0.306621 -0.263740 0.222915 -0.623315 -0.553343 -0.198478 0.145267 -0.047938 0.164939 -0.131126 0.238970 -0.305085 -0.134481 0.295041 -0.103681 0.423975 -0.033080 0.028962 0.395887 0.062458 0.401208 0.386965 0.245060 -0.221165 -0.211072 -0.062904 0.728465 0.211856 0.232163 0.006578 -0.042542 -0.473325 0.457120 -0.711146 0.159412 0.027340 -0.233418 0.201163 -0.405036 0.019459 0.111860 -0.352030 -0.071993 -0.011029
toki -0.376212 -0.090692 -0.036657 -0.772406 -0.749935 -0.294628 -0.320530 -0.545988 0.504878 -0.419299 -0.289853 -0.392122 0.604774 -0.198033 0.198921 0.257907 1.006218 0.053637 -0.671808 -0.431934 0.615245 0.002734 0.277831 0.680664 1.108935 0.315500 0.546883 -0.243029 0.270349 0.240003 -0.128763 -0.529027 1.040088 -0.237681 0.049466 0.534929 -0.082750 0.089269 0.295590 -0.283001 0.073455 0.126122 -0.317629 1.136365 0.330752 0.034889 -0.453589 -0.426598 -0.597638 -0.154018
la 0.303208 0.074291 0.133475 -0.131134 0.514654 0.197714 -0.190048 -0.375889 0.125303 -0.449087 -0.279070 -0.291675 0.010916 0.452857 -0.003083 0.016239 0.722575 -0.223270 -0.164606 0.097447 0.741588 0.505904 0.160840 -0.251046 0.703081 0.019837 0.155702 -0.281483 0.289896 -0.286778 -0.742057 -0.445352 0.419953 0.207798 -0.196559 0.227788 0.487513 0.224032 -0.320413 -0.774477 -0.046780 -0.192366 -0.076835 0.261763 -0.021676 0.492184 0.265216 0.015628 0.886285 0.077445
: -0.132881 -0.141881 0.327493 -0.442278 -0.260451 -0.140179 -0.136882 -0.228104 0.252506 -0.076122 0.140079 -0.018399 0.543676 0.100792 0.109052 -0.207484 0.154238 -0.090380 -0.365074 0.059676 0.469283 0.246310 0.171910 0.478081 0.924439 0.403015 0.468746 -0.079069 0.239149 0.175417 -0.198497 -0.047535 0.532033 -0.399090 0.230841 0.458275 0.151268 0.365940 0.105042 -0.586125 0.127407 -0.173980 -0.191983 0.590104 -0.046743 0.081838 0.079174 -0.158834 -0.168323 -0.404764
ala -0.032288 0.092169 0.420680 -0.859831 0.565442 0.113706 0.269859 -0.209000 0.352629 -0.695067 -0.249773 0.095008 0.252534 0.172713 0.099936 0.157623 0.015053 0.091365 -0.222398 0.128518 0.575996 -0.199840 -0.205366 0.173663 0.719437 0.269629 0.252671 0.208533 0.446533 -0.161925 -0.166368 -0.084090 0.336210 -0.363889 -0.001009 -0.017730 0.190484 0.344432 0.039795 -0.957606 -0.102662 -0.607148 0.138312 0.508192 -0.117767 -0.007465 0.268670 -0.200962 0.043706 -0.286016
mute -0.169589 0.072241 0.163015 -0.317817 -0.044815 -0.434839 0.277375 -0.262884 0.442339 -0.298194 -0.205135 -0.031289 0.112542 0.118616 0.202652 -0.167198 0.891787 -0.129909 -0.204612 -0.494952 0.016930 -0.133791 -0.176715 -0.124290 0.240150 0.352051 0.209958 -0.392646 0.388971 -0.102343 -0.376765 -0.345594 0.074222 0.375492 0.141394 0.016734 0.023745 0.083472 -0.330125 -0.013883 -0.493910 0.058285 0.258240 0.099018 0.103157 0.409572 -0.239825 -0.288864 0.295671 -0.046137
pona -0.422963 -0.008524 -0.019737 -0.680974 0.121171 0.028208 0.342743 -0.583792 0.343736 -0.380062 -0.451624 0.135968 0.420425 -0.096756 0.422810 0.275415 -0.087410 -0.030080 -0.242027 -0.066932 0.468059 -0.207054 -0.329540 0.010878 0.564909 0.280626 0.171223 -0.131717 0.049244 0.038572 -0.426706 -0.239405 0.209408 0.058005 -0.063863 0.092903 0.354258 0.387710 0.054608 -0.486325 -0.098500 -0.258819 0.405213 0.543177 -0.240707 0.044101 0.031685 0.088655 -0.142461 -0.272576
lon -0.061586 -0.115669 0.045976 0.046524 0.400625 0.122920 0.665805 -0.120984 0.293694 -0.360360 -0.412825 0.638858 0.116311 0.452004 0.195931 -0.114840 0.446844 -0.370088 -0.154935 0.301130 -0.277023 0.049825 -0.728981 -0.302138 0.136099 0.334546 0.374911 0.173280 0.359804 0.142476 -0.156390 -0.322035 0.122458 0.686511 0.095012 -0.378781 0.216511 -0.196583 0.187724 0.008946 0.140190 -0.136086 0.412104 -0.065088 0.203706 0.455210 -0.062254 -0.191728 0.539164 -0.375023
kama 0.519508 -0.056269 0.193136 -0.080643 0.645422 -0.126892 0.085846 -0.053210 0.045759 -0.285774 -0.070398 -0.292003 0.222914 -0.093401 0.274958 -0.180540 0.573333 0.244519 -0.614924 -0.062864 0.714044 0.253508 -0.293033 0.235880 0.313614 0.012851 0.496398 -0.142142 0.265158 0.160327 -0.582694 -0.634558 0.509352 0.087815 -0.139000 -0.220811 0.654671 -0.014851 -0.294293 -0.466691 0.094941 -0.036178 0.171116 0.174840 0.087760 0.330979 0.105060 0.016162 0.708544 -0.145501
ma -0.014281 -0.133643 0.221046 0.605908 0.240593 -0.117638 0.653209 0.269652 0.284560 0.472800 0.228662 0.480005 0.494231 0.179337 0.131674 -0.940104 0.382289 -0.134431 -0.748136 -0.082064 -0.618778 0.433843 -0.829966 0.164578 -0.190912 0.507594 1.030162 -0.106009 0.466038 0.821117 -0.001539 -0.561763 0.203564 0.864801 0.273694 -0.479127 0.710924 -0.463293 -0.011573 0.640120 0.261661 0.334562 0.422427 -0.364649 0.473204 0.454182 -0.168012 -0.493085 0.586796 -0.630895
" -0.108385 -0.243539 0.000173 -0.290211 -1.063804 -0.288424 -0.258532 -0.216821 0.305238 0.490824 0.748985 -0.291859 0.678960 -0.190390 0.356673 -0.508179 0.188751 -0.010642 -0.580858 -0.234779 0.268997 0.092565 0.081783 1.017519 0.870161 0.424800 0.735435 -0.295676 0.143741 0.771777 0.217552 -0.230415 0.579527 -0.231870 0.247757 0.532519 -0.076772 0.537560 0.027041 0.229622 0.432844 -0.043977 -0.214759 0.625933 0.396979 0.109819 0.037946 -0.032859 -0.377174 -0.608793
tenpo 0.286020 0.108303 -0.276802 0.337804 0.201506 0.222128 -0.398833 -0.386036 0.216397 -0.376515 -0.198406 -0.295959 -0.156210 0.343480 0.245194 0.015776 0.994826 -0.241324 -0.150978 -0.252416 0.740417 0.635958 0.304305 -0.608922 0.602990 -0.153482 0.119453 -0.649164 0.194674 0.008481 -0.803288 -0.729433 0.208273 0.566214 -0.528243 0.157289 0.694599 0.260252 -0.534890 -0.466017 -0.149193 -0.012267 -0.016013 -0.025277 0.191471 0.746195 0.258873 -0.019253 1.125754 0.283202
, -0.405945 0.632275 -0.630734 -0.435914 -0.050934 0.159038 -0.075684 -0.815054 -0.399704 -0.294152 -0.718425 -0.872816 -0.094660 -0.322018 0.093947 -0.112009 0.159794 0.277844 -0.180948 -0.384327 0.696292 -0.293272 0.380694 -0.175976 -0.132010 0.039102 -0.243667 -1.154348 -0.232544 -0.535950 -0.785354 -0.537934 0.403974 0.716040 0.022749 0.264233 0.055232 -0.143172 -0.140855 -0.224906 -0.016742 0.169620 0.143692 0.508452 -0.189455 -0.575652 0.277216 0.792134 0.277244 0.406214
o -0.109133 0.105451 -0.156803 -0.759089 0.428109 -0.219487 0.023014 -0.542581 -0.270200 0.000857 -0.045592 -0.453187 0.390436 -0.527218 0.383336 -0.166959 -0.761267 0.626068 -0.633720 -0.185508 0.909057 -0.514985 -0.095248 0.318662 0.183966 -0.025457 -0.062637 -0.410561 -0.170933 0.206037 -0.368490 -0.180082 0.221224 -0.378579 -0.200310 0.058087 0.478386 0.655486 -0.208264 -0.612965 0.163309 -0.360543 0.239641 0.330786 -0.322101 -0.444272 0.378245 0.628152 -0.227246 -0.337508
suli -0.440184 0.130048 0.283966 0.271879 0.162080 -0.010964 0.546617 0.147462 0.232451 -0.276058 -0.451139 0.302846 0.111176 -0.158871 0.417890 -0.213147 0.364593 -0.044114 -0.113494 -0.270456 -0.209382 0.364601 -0.163370 -0.523425 -0.015248 0.290970 0.492668 -0.260352 0.222951 0.029314 -0.313476 -0.182327 0.156219 0.673032 -0.130495 -0.261485 0.438105 -0.622474 0.040516 -0.131133 -0.304671 0.478495 0.361781 -0.384754 -0.283229 0.147501 -0.191075 -0.652364 0.303246 0.219261
sina 0.001919 0.222642 -0.166093 -0.713861 0.289286 -0.053985 0.074474 -0.287729 0.019237 -0.334086 -0.001347 -0.237436 0.201934 0.016489 0.073703 -0.056892 -0.378354 0.242860 -0.291493 -0.002032 0.686787 -0.524770 -0.024385 0.334877 0.537125 0.154618 -0.013991 -0.078945 0.054826 -0.004384 -0.074352 -0.193588 0.179690 -0.371131 -0.185566 0.111898 0.192123 0.543916 -0.097000 -0.643179 0.077540 -0.586179 0.182575 0.597867 0.184614 -0.118429 0.297757 0.327605 -0.085850 -0.321750
sona 0.048137 -0.032627 0.089416 -0.765051 0.086694 -0.407695 0.122028 -0.251360 0.493172 -0.530069 -0.141865 -0.136801 0.567732 0.042389 0.159481 0.021853 0.774837 0.251489 -0.700850 -0.302373 0.899112 -0.231734 -0.272594 0.612672 1.086345 0.449115 0.687717 -0.209606 0.559927 0.093354 -0.404842 -0.635697 0.733108 -0.278511 0.099116 0.169631 0.329027 0.275433 -0.123003 -0.570816 -0.148830 -0.157618 0.145698 0.966003 0.465040 0.192348 -0.157073 -0.203774 0.090058 -0.364346
jo 0.748548 -0.026963 0.331165 -0.008430 0.407698 -0.167484 0.054088 0.528198 -0.044028 -0.318292 0.143691 -0.200870 -0.162223 0.082521 -0.038690 0.046419 0.481339 0.119503 -0.090803 0.114219 0.417846 -0.011328 -0.268752 0.480914 0.114594 -0.190924 0.169493 0.356866 0.243018 -0.151876 -0.025171 -0.152686 0.041020 -0.266673 0.090287 -0.256698 0.075127 -0.096069 -0.253204 -0.184871 -0.147214 -0.034857 0.065539 0.197305 0.525698 0.367443 -0.119860 -0.139841 0.308948 0.036091
tomo 0.128728 -0.066112 -0.046335 0.137841 0.458474 -0.643578 0.956334 0.176930 0.066209 -0.001652 -0.425500 0.191440 0.151988 -0.126686 0.038810 -0.363939 0.481494 0.052805 -0.411527 -0.101335 -0.271053 -0.416625 -0.903799 0.283922 -0.266045 0.513371 0.623595 -0.104627 0.130259 0.293948 -0.197432 -0.558056 0.297217 0.321695 0.463362 -0.639995 0.076191 -0.684214 0.131415 0.396652 -0.047593 0.323108 0.487119 -0.189886 0.265473 0.047843 -0.580820 -0.063064 0.363129 -0.206817
lili 0.257371 -0.154344 0.249244 0.209590 0.284757 0.000535 -0.034638 -0.110243 0.166347 -0.162511 -0.134705 -0.047681 -0.099292 0.215127 -0.029943 0.163568 0.563348 -0.212981 -0.120750 0.193386 0.120088 0.564198 -0.072520 -0.173692 0.462284 -0.068810 0.001981 0.208163 0.009821 0.176581 -0.370196 -0.204114 0.243754 0.121366 -0.143818 -0.031402 0.259971 -0.016934 0.085787 -0.155273 0.003786 0.251647 -0.083533 -0.089981 -0.038084 0.470986 -0.307373 -0.248570 0.450249 0.107929
telo -0.097264 -0.006108 0.184212 0.157688 0.654419 0.018635 0.764939 0.259693 -0.178510 -0.327548 -0.488067 0.478683 -0.138093 -0.110394 0.254675 0.293852 -0.451204 0.121611 0.202629 0.136486 -0.196857 0.027279 -0.638063 -0.702091 -0.466664 -0.126852 -0.178801 0.233496 -0.073836 -0.319782 -0.403859 0.472801 -0.384212 0.495786 -0.347926 -0.450751 0.422010 -0.313511 0.091179 -0.393063 -0.473191 0.157568 0.587293 -0.493079 -0.521894 0.355986 0.027336 -0.113055 0.046567 0.096046
pilin -0.622105 0.264623 0.310098 -0.841528 0.318032 0.157233 0.103196 -0.799233 0.360653 -0.465650 -0.327559 -0.148695 0.328760 -0.176677 0.399569 -0.158386 -0.701983 -0.011985 -0.332407 -0.031581 0.519571 -0.051218 0.220529 -0.009044 0.811220 0.158129 -0.099988 -0.207288 0.111844 0.134519 -0.269516 -0.073775 0.215191 -0.358730 -0.197231 0.214429 0.512986 0.613661 0.109876 -1.152513 -0.027440 -0.551843 0.058374 0.433645 -0.626789 -0.153662 0.418608 0.014478 -0.507276 -0.477734
tan -0.408186 -0.179059 0.411376 -0.096816 0.301521 0.097326 0.429249 -0.231345 0.463665 -0.067048 0.001947 0.414659 0.536460 0.365406 0.131463 -0.379698 -0.127528 -0.392559 -0.333107 0.313498 -0.092331 0.494937 -0.169947 -0.168974 0.578770 0.506837 0.289586 0.254530 0.318447 0.269155 -0.251126 -0.194726 0.218517 0.177538 0.117669 0.061974 0.531997 0.126804 0.287460 -0.355770 0.058242 -0.251552 0.147420 0.199732 -0.121973 0.503563 0.133954 -0.297837 0.296476 -0.615791
ike -0.311787 0.125218 0.433472 -0.693474 0.396652 0.117426 0.013344 -0.565744 0.256657 -0.306269 -0.061751 -0.180211 0.229262 -0.191410 0.256812 -0.203452 -0.663188 0.088975 -0.360380 0.029510 0.355147 0.024083 0.225711 0.101055 0.558192 0.039090 -0.076494 -0.035059 0.091928 0.181763 -0.130835 0.050426 0.241955 -0.426255 -0.206338 0.082282 0.411592 0.456621 0.068941 -0.966269 -0.012814 -0.473800 -0.051915 0.140679 -0.630630 -0.137465 0.385716 -0.037361 -0.338870 -0.443198
pali 0.100600 0.237745 0.175015 -0.467626 0.172082 -0.156138 0.188484 0.059953 0.226920 -0.581955 -0.378695 -0.106922 0.062713 -0.085657 -0.127477 0.095570 0.684087 0.177881 -0.216330 -0.134484 0.194932 -0.369437 -0.053572 0.545580 0.231881 0.366453 0.507280 -0.226154 0.332188 -0.246072 -0.028124 -0.283543 0.495381 -0.244427 0.278025 -0.176099 -0.038136 -0.549276 -0.087090 -0.300765 -0.412491 -0.026203 0.038805 0.324555 0.085737 -0.289526 -0.426528 -0.399990 0.116703 0.116043
sewi -0.762615 -0.171828 -0.312195 -0.069871 0.239941 -0.201199 0.102518 -0.944256 -0.591189 0.505550 -0.607942 -0.626852 0.397615 -0.744360 0.226263 -0.579159 -0.473940 -0.053460 -0.689148 -0.030974 0.178469 0.198461 0.152162 0.140408 -0.591080 0.092046 0.056610 -0.853399 -0.747380 0.434000 -0.749926 -0.453494 0.611824 0.598328 0.152098 0.109951 0.379318 -0.270607 0.269490 0.199505 0.429900 0.456395 0.052110 -0.035114 -0.682429 -0.587199 0.065163 0.818448 -0.135335 -0.088043
ken -0.140054 0.133691 0.442831 -0.891629 0.636805 0.146121 0.213509 -0.332779 0.253888 -0.741670 -0.318542 -0.109009 0.153581 0.245469 -0.075670 0.134988 0.133529 -0.133908 -0.107564 0.185129 0.397372 -0.115684 -0.129163 0.092116 0.582907 0.230985 0.105346 0.255723 0.305941 -0.312833 -0.097120 0.008199 0.471581 -0.258556 -0.046311 0.158953 0.054758 0.277883 0.125702 -0.982410 -0.111201 -0.524806 -0.011857 0.458233 -0.146887 0.001880 0.266377 -0.178513 -0.033238 -0.217899
! -0.116055 -0.012592 -0.200467 -0.451065 -0.063214 -0.172648 -0.071291 -0.361033 -0.266246 0.458230 0.373336 -0.240670 0.514521 -0.342453 0.248564 -0.263682 -0.955749 0.417495 -0.365730 -0.150937 0.501739 -0.360165 0.062591 0.259350 0.154249 0.205569 0.145097 -0.515624 -0.257909 0.330251 -0.163522 0.015390 0.139361 -0.487910 -0.008534 0.147394 0.159423 0.623488 -0.112824 -0.292783 0.479981 -0.530858 0.122102 0.132293 -0.475731 -0.681587 0.579417 0.872455 -0.133733 -0.460644
wile 0.452683 -0.150574 0.693094 -0.580711 0.771996 -0.296157 0.145427 0.255386 -0.032894 -0.419999 -0.026240 -0.049711 0.404533 0.031213 -0.048400 -0.026967 0.026366 0.316932 -0.400491 0.250857 0.659462 0.065454 -0.076247 0.572205 0.503196 0.113982 0.452189 0.362700 0.337268 -0.135721 -0.309946 0.032698 0.448675 -0.727198 0.067210 -0.061898 0.302800 -0.016121 -0.033768 -1.043942 -0.029709 -0.277700 -0.080594 0.339495 -0.249496 0.027636 0.005384 -0.281330 0.066170 -0.295969
soweli 0.420859 -0.550177 0.723511 0.237829 0.513262 -0.011262 -0.055642 0.231980 -0.214792 0.304806 -0.104837 0.208306 0.064598 0.309927 -0.371970 0.309006 -0.005149 -0.336855 0.227247 0.702757 -0.209825 0.732378 -0.020472 -0.029049 0.009708 -0.129781 0.031520 0.772063 -0.133832 -0.017897 -0.109322 0.391920 0.202792 -0.495026 0.209690 0.036868 -0.143556 -0.298466 0.379025 -0.302701 0.523720 0.168757 -0.429405 -0.432834 -0.768614 -0.048182 -0.290974 -0.365634 0.035907 0.023996
kepeken -0.184603 0.348352 -0.031364 -0.475337 -0.296400 -0.077566 0.265723 0.053531 0.187136 -0.787906 -0.481626 -0.107794 -0.103699 -0.078976 -0.128417 0.554890 0.416840 0.091460 0.256081 -0.120058 0.053260 -0.513228 0.050669 0.063401 0.301689 0.207435 -0.038193 0.131378 0.082825 -0.533711 0.054921 -0.043563 0.247624 -0.117444 0.274229 0.016583 -0.542647 -0.294307 0.263379 -0.164845 -0.359199 0.061381 -0.039774 0.548093 0.127333 -0.279791 -0.438567 -0.237371 -0.235613 0.503586
moku 0.574300 -0.280253 0.655445 -0.258473 0.964879 -0.082898 0.225733 0.518700 -0.134706 -0.309636 -0.014577 0.409209 -0.078787 0.271517 -0.212544 0.347854 -0.312307 0.202015 0.138757 0.423266 0.276622 -0.006651 -0.253705 0.018676 0.076301 -0.182383 -0.110308 0.685487 0.163769 -0.288414 -0.090460 0.563931 -0.224246 -0.657086 -0.073491 -0.214925 0.166246 0.110544 -0.088927 -0.777993 -0.312002 -0.315075 0.032704 -0.233061 -0.290243 0.253873 -0.006285 -0.221635 0.083244 -0.130849
sama -0.351290 0.181450 0.382040 -0.195199 0.025514 0.202706 0.000826 -0.259953 0.174511 -0.307187 -0.467029 -0.203654 -0.083499 -0.050584 0.055718 0.038899 0.104512 -0.304629 0.059113 -0.005678 -0.043827 0.300459 0.308318 -0.079047 0.333779 0.030345 -0.016596 -0.024493 -0.012984 -0.003226 -0.051576 0.006648 0.269461 0.048799 0.044923 0.193945 0.040603 -0.170514 0.283473 -0.520129 -0.006800 0.018460 -0.220288 0.077543 -0.339245 -0.142540 -0.088634 -0.392764 -0.373997 0.208215
lawa 0.209803 -0.006433 0.292341 -0.139350 0.033637 -0.304459 0.104080 0.090360 -0.064840 0.171390 -0.033811 -0.246428 0.334778 -0.488779 0.108399 -0.350269 0.237013 0.477269 -0.578082 -0.176299 -0.006567 -0.042552 -0.204276 0.768332 -0.184876 0.048431 0.664281 -0.062902 0.141162 0.327785 0.042096 -0.290244 0.619323 -0.035506 0.161643 -0.204284 0.123514 -0.569828 0.010755 -0.020447 0.263347 0.483795 -0.032705 0.005399 -0.169819 -0.335084 -0.341923 -0.443187 -0.209536 -0.158928
taso 0.037537 0.002127 0.395452 -0.247098 0.049678 0.143810 -0.127737 -0.104494 0.300375 -0.542605 -0.214583 -0.008998 0.025699 0.326655 -0.116933 0.291184 0.654067 -0.216102 0.018971 0.057708 0.189840 0.377135 0.169397 -0.056729 0.563208 0.042549 0.170473 0.085598 0.395974 -0.343803 -0.188840 -0.017805 0.337797 -0.065169 -0.010256 0.204344 -0.055322 -0.078024 0.008154 -0.472850 -0.248547 -0.104476 -0.244927 0.325731 0.042685 0.263453 0.023262 -0.388640 0.059282 0.092127
pana 0.042007 0.130427 0.048991 -0.553798 0.376385 -0.131910 0.131962 -0.072504 -0.077630 -0.422110 -0.190949 -0.232611 0.065585 -0.112093 0.107057 0.184855 -0.268174 0.276088 -0.097615 -0.014481 0.689028 -0.404345 -0.130812 0.112476 0.333147 -0.128966 -0.145541 0.091547 -0.028805 -0.295112 -0.241718 0.085758 0.042161 -0.339171 -0.288121 0.094985 0.267813 0.358859 -0.148072 -0.828135 -0.211285 -0.296835 0.200619 0.404787 -0.046652 0.039715 0.176096 0.212429 -0.200722 -0.103145
lukin -0.199490 0.163087 0.286147 -0.590017 0.363354 0.162897 0.234403 -0.221697 0.141560 -0.569074 -0.291206 0.127858 0.052850 0.315994 0.032394 0.284531 -0.048463 -0.217533 0.145731 0.284079 0.340263 -0.036758 -0.323398 -0.000931 0.601284 0.189430 -0.012090 0.272437 0.189543 -0.309518 -0.111611 0.094665 0.049293 -0.169397 0.069299 0.144828 0.002393 0.387804 0.196300 -0.616184 -0.053947 -0.324320 0.142134 0.450592 -0.035391 0.109404 0.170656 -0.143799 -0.121666 -0.163083
nimi -0.212794 0.015584 0.028139 -0.449574 -1.041750 -0.228450 -0.133400 0.020565 0.499561 -0.225630 0.240040 -0.221652 0.224421 0.073936 0.138321 -0.032496 0.754403 -0.116394 -0.147408 -0.290415 0.085795 -0.159254 0.171462 0.608255 0.879775 0.346995 0.383778 0.067831 0.303658 0.172371 0.288619 -0.131097 0.425988 -0.049224 0.257940 0.481669 -0.475799 0.221485 0.142193 0.227526 -0.046950 0.187059 -0.160553 0.835241 0.665992 0.190179 -0.360290 -0.415974 -0.376740 -0.042896
tu 0.104037 0.418912 -0.139894 0.005250 -0.486709 0.305388 -0.640797 -0.178446 0.025667 -0.590152 -0.247228 -0.635996 -0.573507 0.439930 -0.208820 0.075818 0.788171 -0.465693 0.344808 -0.120651 0.436519 0.234109 0.660075 -0.287638 0.610998 -0.317471 -0.395681 -0.194862 0.120836 -0.612377 -0.143618 -0.085441 0.141162 0.268988 -0.338712 0.684848 -0.185620 0.014867 -0.144896 -0.486649 -0.202724 -0.131985 -0.414659 0.525442 0.553951 0.517016 0.216362 -0.126052 -0.013883 0.450517
pini 0.282626 0.193455 -0.159138 0.056353 0.371588 0.086795 -0.286365 -0.258133 0.064459 -0.258534 -0.087780 -0.316525 -0.098898 0.225673 0.151334 -0.093692 0.572517 0.161352 -0.180106 -0.273524 0.743598 0.283337 0.171679 -0.428442 0.425156 -0.113232 -0.028279 -0.462845 0.263773 -0.188533 -0.639558 -0.516304 0.121283 0.311691 -0.456664 0.064599 0.491444 0.334782 -0.575977 -0.489149 -0.098824 -0.002934 0.090065 0.020526 0.097023 0.469872 0.311390 0.002599 0.974995 0.249521
wawa -0.342210 -0.017809 0.663807 -0.248688 0.403351 -0.148759 0.267663 -0.248293 0.025646 -0.244302 -0.502888 -0.195446 0.123893 -0.419217 0.149310 -0.158664 -0.124086 -0.078202 -0.195842 0.011542 -0.195715 0.280696 0.113408 0.009604 -0.072507 0.010638 0.106565 0.128611 -0.112190 0.076676 -0.147839 0.092664 0.454446 -0.053654 0.014037 -0.080542 0.087880 -0.432418 0.401544 -0.648973 -0.018453 0.168991 -0.194972 -0.263142 -0.859035 -0.216216 -0.082534 -0.401109 -0.483852 0.061117
ilo 0.063117 0.479199 -0.155630 -0.127143 -0.300148 -0.062348 -0.079038 0.322064 -0.497633 -0.274315 -0.351960 -0.663317 -0.279469 -0.689470 -0.428488 0.338428 0.118289 0.583810 0.235447 -0.323924 0.116457 -0.435689 0.691949 0.141496 -0.546832 -0.006571 -0.068345 -0.547230 -0.314975 -0.800058 -0.142723 -0.057712 0.286312 -0.114494 0.380055 -0.081197 -0.659187 -1.035341 0.098563 0.080614 -0.086546 0.312618 -0.227949 0.115577 -0.454801 -1.208040 -0.170771 0.262823 -0.008151 1.047218
wan 0.560004 0.141884 -0.197598 0.272643 -0.333577 0.147406 -0.840736 -0.046879 -0.083801 -0.152151 0.144703 -0.616440 -0.478252 0.290755 -0.269416 -0.003996 0.879518 -0.177778 0.048334 -0.180892 0.530515 0.350467 0.531166 -0.081075 0.319243 -0.412332 -0.205496 -0.298146 0.207655 -0.363695 -0.247613 -0.294344 0.156187 0.226763 -0.294194 0.424992 -0.002342 0.026718 -0.440342 0.010444 -0.062058 0.020000 -0.408038 0.284359 0.625121 0.541594 0.241829 0.028068 0.433058 0.381432
suno 0.573844 0.153317 -0.281424 0.676066 0.429083 0.187450 -0.213860 0.023812 -0.057812 -0.349514 -0.217155 -0.243882 -0.521428 0.227488 -0.001944 0.108861 0.769236 -0.042135 0.151131 -0.036947 0.431233 0.433521 0.195715 -0.660640 -0.020508 -0.390855 -0.204925 -0.212444 -0.025469 -0.222784 -0.575931 -0.568034 -0.153790 0.594841 -0.422130 -0.166391 0.463408 -0.096049 -0.453729 -0.116177 -0.157439 0.173197 0.045409 -0.292076 0.216067 0.621617 0.044801 0.125643 1.209004 0.561752
sitelen -0.020073 0.234326 -0.209903 -0.480091 -0.617961 -0.038294 -0.248873 0.138251 0.155337 -0.656770 -0.092920 -0.192140 -0.186585 0.385047 -0.193403 0.377111 0.784040 -0.211792 0.262915 0.003944 0.332456 -0.396083 0.212675 0.404892 0.764234 0.115317 -0.068145 0.149216 0.146908 -0.441961 0.348335 0.085529 0.104145 -0.318198 0.054698 0.549354 -0.536314 0.170266 0.068121 -0.120317 -0.225402 -0.084541 -0.184047 1.004938 0.845976 0.145353 -0.333542 -0.247587 -0.424498 0.226710
waso 0.279622 -0.227674 0.580989 0.152881 0.135722 0.250060 -0.214595 0.556164 -0.156888 -0.224752 -0.140939 0.033108 -0.239199 0.297520 -0.560072 0.512153 0.188856 -0.288237 0.503874 0.455008 -0.069545 0.504749 0.493341 -0.137679 0.045994 -0.217300 -0.153066 0.506519 -0.110451 -0.479456 0.060478 0.421604 -0.054433 -0.418421 0.335733 0.277053 -0.384068 -0.364094 0.260456 -0.373646 0.135650 0.000269 -0.536181 -0.076870 -0.335219 -0.211728 -0.157166 -0.409920 -0.083971 0.563535
meli 0.272725 -0.044983 0.149352 0.038027 0.082578 0.299475 -0.261656 -0.070046 -0.035069 0.025803 0.236580 0.193400 -0.061918 0.557620 -0.175275 0.300516 -0.170227 -0.372011 0.386394 0.590205 0.053989 0.427199 0.023022 -0.022510 0.392214 -0.047659 -0.157394 0.415989 0.064212 -0.163344 0.028063 0.316544 -0.116524 -0.352592 0.035798 0.285292 -0.133893 0.393122 0.135938 -0.225314 0.229599 -0.303993 -0.253060 0.073330 -0.066807 0.253230 0.155739 -0.023843 0.159753 -0.186153
kon -0.522205 0.076215 0.013358 -0.163329 0.679977 -0.042396 0.706823 -0.376454 -0.224378 -0.056414 -0.598897 0.008723 -0.005387 -0.389062 0.220807 -0.106798 -0.758474 -0.164111 0.063959 0.091696 -0.292463 -0.228299 -0.367636 -0.279380 -0.702266 -0.031874 -0.324308 -0.024355 -0.438077 0.031633 -0.155174 0.063523 -0.209846 0.356467 -0.055239 -0.294779 0.206387 -0.128632 0.225917 -0.134076 -0.069461 0.004861 0.423139 -0.297856 -0.557446 -0.175570 -0.037282 0.323478 -0.252279 -0.031831
musi -0.639421 0.096693 -0.370174 -0.116287 -0.285279 0.083928 -0.281976 -0.361539 0.298662 -0.119109 -0.193554 0.067048 0.031436 -0.187009 0.289202 0.213428 -0.203436 -0.176236 0.027730 -0.297883 0.070806 -0.102463 0.398810 -0.173918 0.187932 -0.136267 -0.175922 -0.409954 -0.112331 0.233225 0.166753 -0.105233 -0.212206 -0.218624 -0.285091 0.151821 0.254452 0.298591 0.006246 -0.132843 -0.201057 -0.194941 -0.086154 0.033870 -0.065135 -0.116713 -0.064306 -0.193475 -0.577366 0.012566
ale 0.129959 0.042682 -0.184420 -0.041517 -0.708219 0.052692 -0.515255 -0.127162 0.323185 0.050866 0.343566 -0.294215 0.004903 0.300101 0.001480 -0.222657 0.725066 -0.267282 -0.125422 -0.328070 0.435405 0.133404 0.205794 0.188124 0.687687 0.143662 0.229591 -0.458139 0.356595 0.037146 -0.116523 -0.324806 0.107394 0.294158 -0.058123 0.457699 0.106757 0.397166 -0.426509 0.195625 -0.145065 -0.080397 -0.034507 0.490450 0.740762 0.492334 0.234218 -0.044665 0.284970 -0.047709
utala 0.063445 0.077233 0.533865 -0.169733 0.225176 -0.117634 0.090367 0.111410 -0.126708 -0.069351 -0.071257 -0.356355 0.169450 -0.642890 -0.006321 -0.233677 -0.039953 0.416717 -0.345635 -0.197848 -0.217979 0.134002 0.185526 0.290654 -0.458405 -0.052668 0.352871 -0.014978 0.061227 -0.116287 -0.078414 -0.008188 0.519346 -0.031696 0.098937 -0.259877 -0.040989 -0.736214 0.101979 -0.264808 0.053708 0.296076 -0.191866 -0.267534 -0.661494 -0.518995 0.034719 -0.300134 -0.107381 0.243289
moli 0.076140 -0.120480 0.352302 -0.205182 0.092920 0.109449 -0.206340 -0.093040 0.080547 -0.127918 -0.030432 -0.250144 0.041171 -0.049938 -0.087102 -0.107850 0.011889 -0.083475 -0.204595 0.087761 0.185888 0.172388 0.248869 0.175601 0.254691 -0.076064 0.094369 0.176826 0.041500 0.062571 0.019411 -0.021650 0.361434 -0.231761 -0.010016 0.142627 -0.003577 0.001401 0.064402 -0.392653 0.163277 -0.203117 -0.273005 0.090299 -0.162346 -0.041757 0.191816 -0.094877 -0.120648 -0.043440
ante 0.121137 -0.153135 0.495906 -0.205433 0.130117 -0.004658 -0.006321 0.215105 0.149116 -0.293366 -0.107328 0.075454 0.129162 0.235687 -0.285343 0.084708 0.657763 -0.095672 -0.164202 0.047186 -0.044204 0.258538 0.030736 0.194217 0.256266 0.143891 0.345656 0.210154 0.287127 -0.148638 -0.003464 -0.002513 0.414294 -0.019586 0.273317 0.124001 -0.072142 -0.324234 0.140423 -0.221121 -0.088049 0.056603 -0.254739 0.169166 0.116798 0.108225 -0.209362 -0.587760 0.003429 0.049091
? -0.370280 -0.000604 -0.318691 -0.319845 -0.343264 0.162302 -0.090946 -0.296088 0.483602 0.306466 0.663871 0.344725 0.431393 0.391709 0.072815 -0.278622 -0.488765 -0.125532 -0.140792 0.015532 0.037534 -0.182114 -0.068120 0.183344 0.602667 0.494621 0.000924 0.008950 0.399930 0.393191 0.309617 -0.119866 -0.145076 -0.194995 -0.064994 0.211584 0.120608 0.796866 0.021203 0.172291 0.158185 -0.650146 0.131978 0.594067 0.438059 0.244950 0.439627 0.149001 -0.042202 -0.783608
nasin -0.100025 0.073122 -0.035679 -0.251555 0.085636 -0.045929 0.344395 -0.102592 0.201788 -0.329515 -0.307714 0.180056 0.197564 -0.069662 0.162351 0.074662 0.209481 0.091350 -0.171260 -0.037025 0.102341 -0.205665 -0.213116 0.076585 0.173381 0.261349 0.270506 -0.041446 0.105937 -0.028766 -0.191550 -0.312810 0.213443 0.180661 0.194105 -0.119067 0.116117 -0.102319 0.039972 -0.113694 -0.133179 0.030779 0.244614 0.246449 0.003232 -0.022194 -0.191414 -0.134742 0.149793 -0.033286
weka -0.051572 -0.004314 0.328160 -0.270913 0.598226 -0.097365 0.415724 -0.091846 0.142746 -0.208824 -0.163241 0.076917 0.239997 0.003324 0.131265 -0.222379 -0.262343 0.046015 -0.285425 0.179775 0.177819 0.037924 -0.228224 -0.026260 0.237193 0.188791 0.125872 0.253786 0.084461 0.106652 -0.194833 -0.073834 0.119882 -0.079222 -0.021779 -0.139313 0.439053 0.082467 0.102312 -0.502575 -0.063064 -0.162964 0.209643 0.004015 -0.177857 0.168057 0.031051 -0.048864 0.180918 -0.347641
kasi -0.276940 -0.022746 0.192304 0.419345 0.263707 -0.025828 0.647156 0.526183 0.071884 -0.070663 -0.201323 0.585002 0.094928 -0.075311 0.310792 -0.262331 -0.062182 0.029515 0.065351 0.001754 -0.309193 0.130301 -0.284685 -0.371718 -0.268974 0.244517 0.391692 0.178356 0.035600 0.083033 0.131331 0.022656 -0.222761 0.339225 -0.012327 -0.418261 0.305960 -0.550370 0.078359 0.239210 -0.249669 0.449572 0.409995 -0.493342 0.010709 0.050475 -0.299139 -0.443052 0.212680 0.026780
anpa -0.061842 0.007026 0.472908 -0.207710 0.835460 -0.011798 0.583298 0.038401 -0.083517 -0.341995 -0.397441 0.135690 0.115423 -0.151797 0.186305 -0.136753 -0.270798 0.118065 -0.181240 0.209515 -0.060845 0.031873 -0.472484 -0.106746 -0.233257 0.056647 0.205816 0.343300 0.086012 -0.058742 -0.161368 0.073847 0.211059 0.160914 -0.105470 -0.377865 0.329606 -0.325763 0.222303 -0.560662 -0.011505 -0.025072 0.245272 -0.226627 -0.451824 0.011572 0.127307 -0.206712 0.025752 -0.182915
ijo -0.094424 -0.032418 0.040728 -0.311635 0.024389 -0.003467 -0.006443 0.005691 0.178635 -0.208660 0.040625 0.115233 -0.031270 0.152054 -0.008654 0.162034 -0.042835 -0.119902 0.047398 0.048718 0.315423 -0.178874 -0.092249 0.082446 0.525934 0.148021 -0.069793 0.140373 0.085988 0.014107 0.057895 0.034115 -0.096592 -0.233218 -0.036203 0.054092 0.012523 0.405041 0.038735 -0.124815 -0.180941 -0.185279 0.131257 0.294341 0.228210 0.112904 -0.013959 -0.057854 -0.129688 -0.100288
kin -0.130372 0.047890 0.065883 -0.271597 0.042327 0.075845 -0.023455 -0.332232 0.180156 -0.101445 0.040444 0.002322 0.201629 0.190495 0.107373 -0.059067 0.056314 -0.102037 -0.162242 -0.056779 0.282370 0.086919 0.006375 -0.125221 0.442648 0.151475 0.153225 -0.272530 0.214389 -0.045281 -0.269346 -0.104385 0.163271 0.026864 -0.096620 0.143475 0.203799 0.343749 -0.147371 -0.341556 0.002844 -0.339499 0.078767 0.214172 -0.072391 0.103848 0.385890 0.148343 0.226598 -0.181915
en 0.195054 -0.065587 -0.249554 0.312098 -0.278672 -0.003559 -0.440950 0.055812 -0.161006 0.362169 0.223961 -0.187813 -0.077074 -0.106476 -0.175161 -0.049083 0.263173 0.077379 0.047441 -0.096784 -0.090727 0.100871 0.274692 0.270545 -0.282297 -0.132215 0.126175 -0.212748 -0.131239 0.151766 0.219317 -0.133073 0.133200 -0.099465 -0.107149 0.060335 -0.188961 -0.287108 -0.101396 0.387103 0.194695 0.194878 -0.279429 -0.176245 0.067347 -0.162501 -0.152802 -0.069862 0.039597 0.138595
mama 0.177940 -0.433924 0.090725 0.508948 0.112445 0.017179 -0.018813 0.141215 -0.303010 0.236854 -0.113517 -0.035916 0.116862 0.205538 -0.065024 0.313520 -0.080546 -0.336979 0.218532 0.513420 0.195888 0.583257 -0.019110 -0.197136 0.023231 -0.263643 -0.129482 0.487758 -0.278739 -0.094237 -0.331110 0.036279 -0.040386 -0.085277 -0.055414 0.078356 0.189437 -0.097309 0.144279 -0.011769 0.314816 0.131610 -0.148762 -0.032456 -0.223307 0.375334 -0.169470 0.215975 0.197028 -0.007040
sin 0.293471 -0.089870 -0.173590 -0.066184 0.128308 0.017323 -0.184555 -0.159534 0.149835 -0.294456 -0.216112 -0.094085 0.027047 0.173063 0.098907 0.263614 0.742339 0.014358 -0.130503 -0.073390 0.510232 0.151990 -0.022222 -0.027078 0.364026 -0.091234 0.090275 -0.019733 0.100440 -0.032185 -0.322841 -0.476101 0.255985 0.123419 -0.111809 0.064216 0.181491 0.122702 -0.113246 -0.163977 0.017202 0.089513 -0.040059 0.251501 0.206905 0.304679 -0.203227 -0.030076 0.477905 0.101727
ali 0.303008 -0.020533 -0.007283 -0.010704 0.259528 -0.001456 -0.305971 -0.195684 -0.207417 0.119973 0.080270 -0.387743 0.040724 -0.157899 0.067003 -0.121179 -0.001547 0.250066 -0.285192 -0.144720 0.381286 0.176018 0.199863 -0.007689 -0.045209 -0.210064 0.002038 -0.307069 -0.080667 0.071765 -0.333673 -0.181401 0.155833 -0.020245 -0.176110 0.033575 0.330637 0.113389 -0.281075 -0.217104 0.174383 -0.029013 -0.092353 -0.108478 -0.218048 -0.082432 0.252847 0.225276 0.296936 0.049557
luka 0.113499 -0.014323 0.111270 0.296696 -1.035790 0.307748 -0.812802 0.268087 0.159483 -0.120257 0.150765 -0.488345 -0.538643 0.233571 -0.461729 0.031961 0.755279 -0.569629 0.421447 -0.190344 -0.184242 0.339595 0.930447 -0.039546 0.270974 -0.278793 -0.227184 0.051355 0.033822 -0.299681 0.341632 0.073432 0.097812 0.106957 0.177711 0.683615 -0.732572 -0.175494 -0.006795 0.229315 -0.093773 0.043804 -0.737998 0.199480 0.561687 0.273201 0.096289 -0.320887 -0.246089 0.593217
nanpa 0.381015 0.120902 -0.260607 0.175062 -0.894774 -0.038613 -0.846633 0.071383 0.101118 0.000943 0.307591 -0.620809 -0.355617 0.105699 -0.189671 -0.108829 1.015646 -0.092889 0.003101 -0.500865 0.396603 0.144891 0.635007 0.124660 0.393983 -0.220210 -0.038527 -0.490382 0.240952 -0.237556 -0.070374 -0.309196 0.177531 0.285577 -0.157663 0.527546 -0.212168 -0.016704 -0.478749 0.317494 -0.180423 0.196345 -0.341966 0.393647 0.768920 0.412121 0.110537 -0.120972 0.212091 0.460717
pipi 0.044928 0.101296 0.255991 -0.152439 0.138558 0.379724 -0.313962 0.081674 0.124093 -0.243620 0.030377 0.175068 -0.208096 0.372598 -0.310259 0.292212 0.003378 -0.240089 0.373811 0.211073 -0.088817 0.132144 0.452760 0.116042 0.209671 0.007937 -0.129867 0.131640 0.114522 -0.182820 0.369134 0.288374 -0.030412 -0.537636 0.110278 0.139464 -0.190693 0.013663 0.035003 -0.411205 -0.279040 -0.401165 -0.371138 -0.117387 -0.073118 -0.132380 -0.012289 -0.277801 -0.080498 0.052428
lape 0.223005 0.135736 -0.176764 0.067274 0.416097 0.121376 -0.047916 -0.044043 -0.012428 -0.136238 -0.045887 0.015564 -0.279079 0.251053 -0.003659 0.092370 0.011735 0.127269 0.192869 0.009123 0.230036 -0.127348 -0.126844 -0.351704 -0.009477 -0.161990 -0.308350 0.059076 0.069021 -0.220921 -0.077597 -0.137109 -0.334602 0.005312 -0.275808 -0.148409 0.066666 0.329237 -0.311662 -0.155990 0.026641 -0.176207 0.166173 -0.130419 0.086438 0.189548 0.191722 0.095213 0.526140 0.184440
pimeja 0.071356 0.039693 -0.122811 0.474475 0.273210 0.193422 0.139684 0.002623 -0.002074 -0.172475 -0.280051 0.247591 -0.260399 0.159740 0.144791 0.193238 0.328335 -0.151904 0.188391 -0.024463 -0.142869 0.391585 -0.123199 -0.686108 -0.257066 -0.168062 -0.102861 -0.216305 -0.006752 -0.072365 -0.430459 -0.121960 -0.182621 0.650161 -0.323431 -0.235475 0.355706 -0.231086 -0.148067 -0.048603 -0.247395 0.233573 0.254085 -0.470062 -0.158868 0.426093 0.010092 -0.147942 0.585322 0.283409
sike 0.640198 -0.004173 -0.055009 0.847980 0.328080 0.137723 -0.257231 0.337702 -0.250522 -0.145009 -0.163260 -0.324126 -0.534010 0.213648 -0.113621 0.132299 0.697941 -0.193795 0.249850 0.108006 0.329607 0.590391 0.181360 -0.456690 -0.172654 -0.527365 -0.173552 0.081287 -0.086222 -0.261562 -0.422855 -0.325587 -0.170011 0.426610 -0.286040 -0.115381 0.346823 -0.301255 -0.343372 -0.019397 -0.048365 0.332994 -0.126613 -0.340104 0.266961 0.640904 -0.072970 -0.033475 0.844522 0.554136
kalama -0.645392 0.124152 -0.232094 -0.041439 -0.159754 0.227681 -0.222702 -0.222296 0.127437 0.047314 -0.095749 0.171436 -0.115321 -0.293665 0.241903 0.231917 -0.750578 -0.122365 0.271833 -0.164214 -0.267858 -0.119982 0.385719 -0.301649 -0.209608 -0.340344 -0.459947 -0.161499 -0.260443 0.231032 0.391972 0.232851 -0.482283 -0.265995 -0.237310 -0.016710 0.082866 0.290281 0.145105 -0.090487 -0.094690 -0.234011 -0.171847 -0.326326 -0.388125 -0.410103 0.087443 -0.140480 -0.827719 0.057704
kulupu 0.093170 -0.185367 0.085452 0.133581 -0.120635 -0.106741 0.118237 0.142090 0.100766 0.049169 -0.069051 0.194600 0.263406 -0.032355 -0.038785 -0.020732 0.471523 0.017630 -0.249892 -0.041587 -0.227755 0.125829 -0.193662 0.288966 -0.041952 0.132798 0.507305 -0.028392 0.199744 0.167065 0.031343 -0.206263 0.287563 0.170668 0.181351 -0.187461 0.049922 -0.444941 0.017461 0.257436 0.077237 0.254530 -0.005997 -0.017772 0.071535 0.026512 -0.358267 -0.346924 0.061924 -0.074860
awen 0.098060 -0.054732 0.058802 -0.289967 0.040578 -0.075670 0.086879 -0.002952 0.123163 -0.291460 -0.063902 0.091626 0.076434 0.102659 0.049817 0.132889 0.251465 -0.008303 -0.172047 0.048730 0.241352 -0.223663 -0.242640 0.212009 0.316488 0.048658 0.117777 0.210238 0.245076 0.009174 0.084895 -0.116485 0.109964 -0.098167 0.021095 -0.074568 -0.040400 0.141444 -0.008964 -0.092857 0.036484 -0.224106 0.095095 0.342415 0.350384 0.145768 -0.027735 -0.059636 -0.047729 -0.157706
kiwen 0.256002 0.004453 -0.078365 0.795681 0.275727 0.159656 0.162241 0.347018 -0.023642 0.051552 0.113151 0.415907 -0.473376 0.208133 -0.073439 0.139524 -0.007277 -0.085281 0.381597 0.155252 -0.508704 0.240310 -0.183727 -0.604497 -0.445718 -0.328558 -0.437574 0.259493 -0.164180 0.095806 0.035814 0.067163 -0.642177 0.399445 -0.197125 -0.427250 0.149676 -0.059475 -0.091467 0.384161 -0.205445 0.193839 0.223637 -0.627725 0.112726 0.430974 -0.164677 0.068219 0.521842 0.220598
seme -0.358525 -0.092825 -0.132990 -0.141779 -0.259235 0.108881 -0.001801 -0.181893 0.476870 0.439227 0.719216 0.384962 0.587387 0.405959 0.055906 -0.469160 -0.405818 -0.134310 -0.297234 0.052401 -0.075480 0.100656 -0.087811 0.207191 0.587649 0.590552 0.193861 0.045305 0.442916 0.512421 0.203033 -0.190288 -0.002638 -0.091400 0.041770 0.163302 0.269302 0.617845 0.095910 0.179082 0.204606 -0.480975 0.111678 0.483139 0.386158 0.348801 0.386848 0.016695 0.110149 -0.847421
lipu 0.096888 0.149816 -0.291256 -0.195052 -0.416830 -0.220062 0.069018 0.167402 0.156709 -0.172878 0.065953 -0.024265 -0.089049 0.068674 0.131832 0.108274 0.436104 0.062252 0.136636 -0.196183 0.126232 -0.505514 -0.133459 0.335988 0.127201 0.012751 -0.018983 0.030366 0.023068 -0.107212 0.268173 -0.149011 -0.225438 -0.083452 0.200087 0.120399 -0.223618 0.161706 -0.186017 0.258577 -0.215246 0.102066 0.126457 0.399989 0.611044 0.075103 -0.369824 -0.041167 -0.126586 0.070299
mani 0.218655 0.095724 -0.167423 -0.170273 -0.040241 -0.219802 0.198203 0.220776 0.011048 -0.064503 0.083078 -0.044790 -0.085571 -0.113747 0.097232 0.087789 0.053828 0.189030 0.084373 -0.111243 0.140608 -0.539413 -0.293297 0.308410 -0.173700 -0.039515 -0.058099 0.052780 -0.047963 -0.141426 0.144511 -0.066457 -0.284688 -0.165924 0.187223 -0.106325 -0.056776 0.090193 -0.263727 0.180681 -0.231698 -0.011298 0.239955 0.156747 0.346409 -0.041531 -0.191514 0.113567 -0.023346 0.044032
seli -0.130881 0.081870 0.035196 0.185215 0.432478 0.103688 0.318066 0.021509 -0.147933 0.069552 -0.093498 0.189103 -0.133991 -0.012994 0.141363 -0.132035 -0.638870 -0.033310 0.144822 0.087867 -0.160780 -0.052656 -0.186882 -0.432247 -0.322799 -0.109193 -0.273150 0.050787 -0.145761 0.047440 -0.000869 0.243993 -0.527754 0.186676 -0.221319 -0.179737 0.326779 0.204537 -0.074456 -0.105960 -0.075640 -0.105234 0.273029 -0.371082 -0.190816 0.106968 0.144042 0.202572 0.015118 -0.060220
pakala -0.135419 0.013799 0.184450 -0.434121 0.369490 -0.090822 0.227115 -0.110323 -0.112381 0.030524 0.000692 0.007406 0.291953 -0.304474 0.197537 -0.228085 -0.779397 0.365922 -0.331475 0.069175 0.220159 -0.299559 -0.157651 0.244891 0.003905 0.084469 0.075270 0.043723 -0.053039 0.166159 -0.028229 0.152153 0.050319 -0.310162 -0.038706 -0.117660 0.244038 0.253295 0.026179 -0.417882 0.080436 -0.193832 0.192718 0.048173 -0.373853 -0.334504 0.197518 0.135393 -0.294923 -0.358982
poka 0.035779 0.030903 0.016034 0.242501 0.113805 0.149976 0.189926 -0.014550 0.016053 0.000817 -0.060231 0.216785 -0.030134 0.069007 0.087396 -0.204381 0.125003 -0.064099 -0.073613 0.112388 -0.346684 0.146500 -0.286030 -0.137422 -0.212325 0.002950 0.167314 0.046743 0.082707 0.116864 0.007819 -0.129360 0.070429 0.466071 0.043172 -0.192521 0.087724 -0.252070 0.078450 0.195527 0.199420 0.056323 0.117239 -0.234190 0.023407 0.090064 0.031598 -0.067345 0.255489 -0.104762
nena -0.329995 -0.044899 0.134876 0.476029 0.319300 0.027434 0.569063 0.304974 -0.109027 0.198384 -0.138590 0.494638 0.001110 -0.070729 0.162801 -0.272837 -0.503189 -0.125053 0.109346 0.132296 -0.519618 0.119454 -0.303556 -0.482554 -0.467687 0.101552 0.044060 0.192791 -0.156143 0.249542 0.151359 0.181564 -0.432704 0.386903 -0.026390 -0.313436 0.324584 -0.245654 0.174007 0.247492 -0.007460 0.244415 0.331122 -0.601392 -0.155728 0.017045 -0.148675 -0.123422 -0.009824 -0.068950
a -0.318353 0.062488 -0.641877 -0.401838 -0.848478 -0.163728 -0.380264 -0.260129 -0.249909 0.699713 0.759080 -0.180008 0.403698 -0.212918 0.042663 -0.149619 -1.201918 0.354535 0.093118 -0.239327 0.368776 -0.747678 0.303640 0.413490 0.192134 0.267657 -0.153969 -0.510714 -0.406781 0.150453 0.312606 0.332938 -0.219453 -0.814008 0.129602 0.443765 -0.392164 0.994412 -0.118443 0.081868 0.408667 -0.751481 -0.011479 0.487038 -0.042130 -0.790988 0.714796 1.275972 -0.520261 -0.465945
Kikamesi -0.136889 -0.199923 0.212178 -0.291006 -0.282200 -0.214655 -0.392919 -0.322289 -0.140612 0.424261 0.165630 -0.395145 0.426387 -0.649562 0.042731 -0.271344 -0.084571 0.398754 -0.538612 -0.228628 -0.051065 0.148799 0.240400 0.675842 -0.180317 -0.003733 0.357570 -0.205359 -0.163833 0.349590 0.036957 0.045171 0.710028 -0.293908 0.025911 0.183008 -0.104204 -0.280809 0.222344 -0.025050 0.325998 0.276291 -0.395598 0.017893 -0.516040 -0.524295 -0.044189 -0.122942 -0.548372 -0.166674
esun 0.311127 0.004346 -0.372815 0.004548 0.011603 -0.083559 0.067459 0.221257 -0.113673 0.174890 0.267284 -0.027583 -0.050547 -0.132963 0.203824 0.091001 -0.186236 0.249620 0.036943 -0.046603 0.275006 -0.433602 -0.234280 0.257942 -0.232221 -0.112680 -0.106122 -0.034219 -0.124808 0.121629 0.142275 -0.136759 -0.370240 -0.206530 0.093778 -0.154080 0.066964 0.300988 -0.282159 0.304475 -0.004756 -0.123325 0.259569 0.042599 0.329597 -0.043316 0.028688 0.390734 0.069043 -0.019346
nasa -0.118320 0.086641 0.084294 -0.209491 -0.220884 0.036559 -0.008925 0.036397 0.038254 -0.207681 -0.092594 -0.075207 0.029789 -0.027862 -0.177940 0.265392 0.059701 -0.025221 0.134232 0.026745 0.019882 -0.044810 0.279487 -0.008610 0.152534 0.158362 -0.035308 -0.076651 -0.044785 -0.330851 -0.055037 0.120309 0.068569 -0.189936 0.142526 0.168296 -0.284894 -0.158076 0.175118 -0.131896 -0.056638 -0.146322 -0.109112 0.279554 -0.213965 -0.277843 -0.015007 0.004279 -0.103584 0.256288
insa 0.034562 -0.152976 -0.079745 0.435051 0.201657 0.139271 0.586644 0.191217 0.003627 -0.050103 -0.230246 0.642813 -0.132728 0.264238 0.019196 0.034671 -0.084298 -0.292804 0.229980 0.426389 -0.591159 -0.030091 -0.554992 -0.421268 -0.383591 0.015014 -0.007307 0.423462 0.019003 0.058155 0.190522 0.018273 -0.336508 0.504662 0.042654 -0.455966 -0.055158 -0.421927 0.271053 0.438521 0.200264 0.002780 0.322555 -0.444007 0.075417 0.239609 -0.140230 -0.063805 0.254569 -0.137121
poki 0.049490 -0.235232 0.078789 0.449198 0.340825 0.160419 0.540361 0.288426 -0.104071 -0.021979 -0.262838 0.616747 -0.210047 0.182880 -0.011888 0.175175 -0.338567 -0.295769 0.341022 0.519980 -0.570737 0.043921 -0.478718 -0.497256 -0.475345 -0.138159 -0.194748 0.610715 -0.095799 -0.029595 0.161238 0.237340 -0.447376 0.338057 0.007361 -0.448675 -0.023701 -0.392047 0.307925 0.292473 0.151268 0.014528 0.254640 -0.518387 -0.118312 0.191712 -0.099121 -0.043899 0.125129 -0.036268
Kuwawa -0.155212 -0.145085 0.563767 -0.195405 0.250517 -0.121580 0.003724 -0.134270 -0.105366 0.131354 -0.089263 -0.220394 0.218989 -0.606515 0.087713 -0.272095 -0.290490 0.207513 -0.339097 -0.035836 -0.300322 0.250251 0.170299 0.304618 -0.415776 -0.099373 0.201789 0.098479 -0.130140 0.183389 0.059036 0.191904 0.477192 -0.168140 0.030399 -0.136064 0.023639 -0.467672 0.298319 -0.304149 0.115743 0.237585 -0.306401 -0.390774 -0.834810 -0.459195 0.040525 -0.290815 -0.502487 -0.001619
) 0.026168 -0.205674 -0.350245 0.437894 -0.439967 -0.196744 -0.139265 0.155131 0.001088 0.660434 0.472836 0.299219 -0.243483 0.336206 -0.217631 -0.051019 0.097802 -0.177378 0.418248 -0.119080 -0.795830 -0.198979 -0.084985 -0.365008 -0.656674 0.043652 -0.380407 0.072033 -0.005508 0.080302 0.394835 0.319345 -0.677088 0.137337 0.109502 -0.011430 -0.632294 0.262833 -0.222785 1.087516 0.028857 0.078617 0.049736 -0.490931 0.226586 0.090997 -0.138927 0.206295 0.083575 -0.040071
palisa -0.027044 0.140445 -0.072278 0.296197 -0.321384 -0.081094 0.174629 0.463833 -0.133689 -0.016000 -0.083933 -0.039712 -0.267497 -0.312416 -0.233145 0.091723 0.074943 0.072230 0.272252 -0.177184 -0.473188 -0.228879 0.152465 -0.018996 -0.469742 0.028625 0.008491 0.011983 -0.107681 -0.242931 0.264714 0.010773 -0.050780 0.099698 0.279179 -0.227606 -0.528424 -0.721639 0.170325 0.499151 -0.089768 0.281710 -0.064754 -0.227266 0.050741 -0.396922 -0.237721 -0.110272 -0.098278 0.503091
Pasi -0.140520 0.124980 -0.321389 -0.471937 -0.628660 -0.144200 -0.265342 -0.200060 0.267586 -0.419567 -0.107904 -0.200386 0.113377 0.084280 -0.062247 0.489684 0.657820 0.038741 -0.019342 -0.317362 0.465117 -0.289597 0.228866 0.272497 0.711966 0.109453 0.071002 -0.212789 0.214985 -0.188300 0.092246 -0.263490 0.317751 -0.235339 0.025041 0.398051 -0.351468 0.206901 0.023766 -0.008085 -0.155336 -0.057528 -0.174770 0.827093 0.568805 0.028179 -0.252090 -0.095496 -0.364328 0.113141
mije 0.222968 -0.257128 0.176234 0.193315 0.058133 0.216619 -0.214536 0.135026 -0.132803 0.321056 0.207761 0.303452 0.000370 0.512496 -0.283528 0.351899 -0.298057 -0.325785 0.465962 0.575465 -0.150954 0.425597 0.131457 -0.208803 0.085831 -0.090645 -0.221967 0.502459 -0.084704 -0.180945 0.048899 0.475129 -0.226250 -0.395060 0.077812 0.230605 -0.216921 0.183173 0.194978 -0.060183 0.280494 -0.140731 -0.278793 -0.136202 -0.312425 0.022455 0.053890 0.021147 0.068287 -0.064345
noka -0.154626 0.103836 0.000078 0.133809 -0.084393 0.265079 0.178518 0.112207 -0.038726 -0.270201 -0.193751 0.274960 -0.198370 0.283072 -0.074357 0.314462 -0.131803 -0.256760 0.550515 0.271809 -0.418652 -0.105719 -0.052482 -0.386224 -0.175739 -0.003170 -0.294377 0.420287 -0.092110 -0.354551 0.222942 0.266929 -0.190003 0.134591 0.071163 -0.055026 -0.465088 -0.104823 0.262884 0.118596 -0.024313 -0.033585 -0.100150 -0.101140 0.032089 -0.016120 -0.091210 -0.133564 -0.037936 0.187724
oko -0.033519 0.278959 -0.052002 0.170679 -0.077412 0.240199 0.089307 0.162723 -0.086560 -0.291440 -0.179371 0.054974 -0.430439 0.147669 -0.117802 0.319968 -0.167395 -0.079812 0.535756 0.119963 -0.258006 -0.021729 -0.087080 -0.455928 -0.267557 -0.251446 -0.390293 0.177850 -0.002358 -0.530730 0.051706 0.361146 -0.418483 0.195506 -0.046091 -0.025814 -0.239495 -0.184072 0.072816 0.014593 -0.262677 0.021827 0.053888 -0.103763 0.015226 0.110766 0.081189 -0.017329 -0.085532 0.307202
kala 0.164722 -0.019095 0.180410 0.462560 0.064845 0.157764 -0.099648 0.291914 0.081017 0.197412 0.299508 0.263997 -0.319263 0.145916 -0.166301 0.019023 -0.130269 -0.021844 0.253726 0.147141 -0.318108 0.256107 0.064972 -0.138649 -0.040393 -0.208354 -0.330380 0.246923 0.048707 -0.036656 0.230242 0.288507 -0.415286 -0.140398 0.029230 -0.113921 -0.036683 0.241252 -0.105232 0.181485 -0.191067 0.047785 -0.073836 -0.300454 0.079339 0.183479 0.080366 0.020260 0.084123 0.081838
sijelo -0.029944 0.005075 -0.060577 0.018001 0.045899 0.064334 0.111311 0.079221 -0.098162 0.007426 -0.070273 0.119340 -0.149594 -0.159482 0.075997 0.143090 -0.502909 0.093281 0.198803 0.048154 -0.192706 -0.265476 -0.110277 -0.140730 -0.334011 -0.193837 -0.240880 0.245869 -0.187538 -0.070816 0.190115 0.311422 -0.316404 -0.031656 -0.108235 -0.169281 -0.070319 -0.011208 0.025715 0.088041 -0.048578 -0.013884 0.151061 -0.227963 -0.108313 -0.124589 -0.002267 0.110179 -0.302299 0.046826
sinpin 0.036036 0.013845 0.094461 0.110272 -0.032740 0.167006 0.179141 0.233948 -0.013380 -0.207133 -0.160775 0.294248 -0.252227 0.140542 -0.102192 0.279585 -0.156275 -0.175314 0.439158 0.276422 -0.330916 -0.186216 -0.178087 -0.231215 -0.148882 -0.108847 -0.195913 0.503139 0.050567 -0.268891 0.282244 0.263943 -0.264239 0.013557 0.106783 -0.202338 -0.319959 -0.154479 0.176982 0.114663 0.005525 -0.041866 0.023479 -0.073307 0.108325 -0.003134 -0.034280 -0.036871 -0.099081 0.133719
uta -0.322783 0.035456 0.123478 0.220563 -0.110006 0.310572 -0.058064 0.100631 -0.037570 -0.076443 -0.342058 0.127560 -0.333461 -0.083116 -0.056331 0.419480 -0.352469 -0.358303 0.601130 0.137470 -0.504159 0.161466 0.315686 -0.409005 -0.329281 -0.364046 -0.403769 0.260356 -0.298338 -0.120119 0.351040 0.347632 -0.352006 -0.076216 0.013650 -0.006514 -0.296622 -0.251517 0.330800 -0.007316 0.045104 0.029216 -0.302236 -0.397466 -0.412273 -0.319055 -0.139798 -0.305504 -0.607063 0.441304
Enkitu -0.163048 -0.181823 0.160664 -0.261393 -0.215635 -0.248656 -0.274146 -0.318592 -0.097145 0.350061 0.111280 -0.321192 0.402984 -0.600996 0.067545 -0.293016 -0.031683 0.371595 -0.562051 -0.243011 -0.052602 0.083037 0.159237 0.596084 -0.163182 0.042745 0.322916 -0.201670 -0.142734 0.344176 0.025070 -0.017089 0.661328 -0.195771 0.016310 0.127727 -0.038648 -0.275086 0.218965 0.024854 0.277210 0.267804 -0.297430 0.014291 -0.418486 -0.435404 -0.089213 -0.109718 -0.451358 -0.165353
ko 0.192044 -0.085143 -0.080691 0.489245 0.163951 0.047760 0.132956 0.432199 -0.133847 0.212097 0.256982 0.439056 -0.382053 0.166851 -0.149720 0.191495 -0.460234 -0.011423 0.429559 0.154071 -0.455506 -0.053838 -0.161582 -0.372783 -0.479006 -0.326791 -0.513575 0.369448 -0.251449 0.106126 0.290034 0.370313 -0.776739 -0.026514 -0.166931 -0.283531 -0.042907 0.105307 -0.042609 0.370588 -0.164885 0.045337 0.199650 -0.536851 0.083241 0.206025 -0.139170 0.135585 0.036333 0.078081
( -0.077088 -0.085462 -0.462925 0.425523 -0.540121 -0.208702 -0.206605 0.098898 0.005528 0.642826 0.492599 0.194572 -0.295373 0.254439 -0.173680 -0.086085 0.045963 -0.141974 0.451963 -0.292456 -0.746093 -0.269961 0.037758 -0.466938 -0.675795 0.037448 -0.502981 -0.095266 -0.020933 0.020664 0.401144 0.305679 -0.760231 0.166793 0.019085 0.040404 -0.631107 0.346766 -0.305135 1.091709 -0.093372 0.038943 0.068450 -0.497375 0.262564 0.095747 -0.057682 0.285710 0.052641 0.009008
anu -0.018291 -0.010283 -0.313638 -0.090746 -0.574012 0.031736 -0.399883 -0.031399 0.049064 0.236557 0.375593 -0.015643 -0.067173 0.154059 -0.228048 0.273769 -0.081318 -0.005511 0.226449 -0.078551 -0.039073 -0.154584 0.274877 0.016328 0.166989 0.000184 -0.364419 0.068990 -0.018169 -0.078140 0.292980 0.202343 -0.175700 -0.268279 -0.062177 0.322572 -0.429695 0.344814 0.073783 0.392402 0.072372 -0.173502 -0.202703 0.325558 0.288266 -0.019569 0.045287 0.192267 -0.270406 -0.027578
linja 0.148112 0.091164 -0.065682 0.275523 -0.252118 0.073541 -0.039057 0.377901 -0.091754 -0.086186 0.025323 0.078992 -0.402120 0.061076 -0.157810 0.288172 -0.023093 -0.081531 0.512671 0.098938 -0.352251 -0.221890 0.020569 -0.136876 -0.286554 -0.255637 -0.304853 0.425251 -0.094207 -0.263979 0.407843 0.303422 -0.374778 -0.021560 0.036138 -0.110815 -0.407020 -0.164125 0.022635 0.311459 -0.081101 0.147895 -0.069956 -0.139777 0.275890 -0.002477 -0.177475 -0.059395 -0.169968 0.319482
kute -0.246641 -0.017901 0.112116 -0.388736 0.089798 0.070944 0.012232 -0.046658 0.013731 -0.003279 0.079615 0.091179 0.123055 -0.063407 0.013217 0.093908 -0.528755 0.046593 0.086054 0.085953 0.104331 -0.216111 0.054787 0.042377 0.137704 0.056545 -0.135789 0.165761 -0.043421 0.012763 0.169893 0.291118 -0.124363 -0.408944 0.010285 0.085700 -0.047000 0.404615 0.103981 -0.270094 -0.004879 -0.255086 -0.000500 0.100767 -0.204496 -0.306931 0.168332 0.113980 -0.378979 -0.140262
akesi 0.052631 -0.016624 0.108348 0.343737 -0.009101 0.135931 -0.248691 0.196248 -0.008265 0.330246 0.340630 0.162861 -0.323017 -0.051216 -0.221868 0.030569 -0.422395 0.113463 0.261360 0.090746 -0.380893 0.090306 0.235786 -0.046327 -0.248242 -0.301828 -0.485390 0.188552 -0.102600 -0.013890 0.360821 0.415180 -0.456134 -0.321008 -0.000106 -0.057563 -0.160314 0.256295 -0.061466 0.208792 -0.146182 0.020872 -0.173293 -0.298194 -0.108315 -0.121313 0.122095 0.146899 -0.238798 0.078168
lete -0.024289 -0.008793 -0.040551 0.606991 0.181154 0.187802 0.265753 0.203770 -0.009466 0.172964 0.016204 0.368994 -0.209716 0.159853 -0.011765 -0.057827 -0.127440 -0.229031 0.238919 0.143081 -0.598469 0.228786 -0.272338 -0.489459 -0.490570 -0.105670 -0.150648 0.162019 -0.087923 0.146450 0.088663 0.104480 -0.479103 0.479195 -0.126749 -0.301847 0.182303 -0.173433 0.024385 0.342590 -0.068362 0.123358 0.214248 -0.520192 0.004635 0.303872 -0.042701 -0.066155 0.254125 0.050367
loje 0.132934 -0.156630 -0.264651 0.606395 -0.027464 0.063697 0.113922 0.490220 -0.369306 0.381448 0.101133 0.416965 -0.378342 -0.075631 -0.116656 0.282380 -0.550708 0.114462 0.482904 0.137512 -0.642865 -0.091767 -0.184363 -0.524973 -0.940702 -0.316892 -0.479401 0.273064 -0.366658 -0.178679 0.265182 0.756603 -0.693998 0.175991 -0.197399 -0.336349 -0.235271 -0.252340 0.043383 0.549604 -0.263980 0.343909 0.146383 -0.765711 -0.212803 0.014052 -0.097413 0.080771 -0.224645 0.290738
kili 0.206749 -0.194476 -0.167155 0.506852 -0.114917 0.012808 0.058392 0.595418 -0.262974 0.386621 0.292949 0.459592 -0.339598 0.000973 -0.194314 0.294603 -0.513782 0.121069 0.481490 0.137889 -0.623605 -0.157617 -0.162341 -0.321204 -0.780180 -0.266562 -0.444495 0.416268 -0.279015 -0.129609 0.439030 0.778518 -0.696089 -0.055018 -0.086966 -0.272477 -0.338434 -0.107215 0.033341 0.572749 -0.296486 0.256611 0.063782 -0.624117 -0.024713 0.052056 -0.128731 0.009398 -0.312782 0.201270
supa 0.153049 0.004704 -0.186097 0.592675 0.059541 -0.071400 0.397005 0.422390 -0.080399 0.182725 0.029609 0.439258 -0.335836 0.093695 -0.120992 -0.066187 -0.047470 -0.069879 0.292424 0.117020 -0.709982 -0.181529 -0.499750 -0.247466 -0.623655 -0.033745 -0.084265 0.233245 -0.067516 0.061963 0.317731 0.055775 -0.465030 0.347711 0.231965 -0.472272 -0.212296 -0.389637 0.088794 0.770521 -0.022500 0.240490 0.242759 -0.498889 0.314629 0.106199 -0.280254 0.038351 0.174937 0.074409
monsi -0.003786 -0.007057 -0.060696 0.373431 -0.031705 0.129237 0.223783 0.156093 -0.104964 0.095894 -0.057651 0.336528 -0.277226 0.064544 -0.034147 0.012745 -0.179232 -0.163360 0.340889 0.177027 -0.681150 -0.073509 -0.226250 -0.316871 -0.556252 -0.145832 -0.167912 0.274309 -0.126192 -0.044043 0.331821 0.203670 -0.313485 0.309206 0.138372 -0.285103 -0.291840 -0.305878 0.178517 0.491810 0.105974 0.121972 0.048235 -0.463279 0.056753 -0.058879 -0.099556 0.050830 -0.028572 0.079310
open 0.043231 0.028039 0.032830 -0.032774 -0.026721 -0.088604 0.104965 0.138922 0.078489 -0.105116 -0.049480 0.014905 0.038885 -0.008504 0.007495 -0.032702 0.196132 0.041766 -0.041004 -0.000421 0.055963 -0.085595 -0.110861 0.171332 0.129011 0.085741 0.169019 0.070706 0.113789 -0.002542 0.026122 -0.078555 0.078039 -0.021734 0.091981 -0.042718 -0.004768 -0.065924 0.018581 0.016026 -0.042673 0.088785 0.052109 0.112028 0.161771 0.084076 -0.145642 -0.105530 0.043264 -0.023326
lupa 0.122649 -0.008853 -0.153883 0.385218 0.208795 -0.155847 0.553267 0.388211 -0.011477 0.012896 -0.141986 0.444366 -0.255498 0.104417 -0.058610 0.035544 0.016419 -0.090367 0.262949 0.127594 -0.421914 -0.331860 -0.552413 -0.159737 -0.377014 0.099933 0.008626 0.212404 0.045717 -0.010713 0.209071 -0.057026 -0.374506 0.216328 0.212548 -0.515860 -0.146021 -0.350655 0.086173 0.532873 -0.116709 0.124700 0.326249 -0.362969 0.297289 0.133086 -0.294403 -0.013207 0.190946 0.015586
Esi 0.298553 -0.088396 -0.028104 0.739596 0.052199 0.081088 0.072724 0.441355 -0.178595 0.486820 0.301466 0.170622 -0.126437 0.109361 -0.084365 -0.273265 0.046140 -0.067557 0.045793 0.041200 -0.528435 0.285836 -0.253596 -0.087476 -0.670841 -0.154426 0.114586 0.090282 -0.010225 0.254850 0.171266 -0.016770 -0.321725 0.424879 0.041139 -0.352502 0.088210 -0.294904 -0.123194 0.648259 0.154692 0.267889 0.072636 -0.582954 0.241353 0.195543 -0.049089 -0.078907 0.337932 -0.023827
olin -0.004407 0.068128 -0.225267 -0.066780 -0.100772 0.012155 -0.119022 0.049326 -0.131248 0.171332 0.173233 -0.005813 -0.071766 -0.020564 -0.059491 0.035513 -0.403207 0.098327 0.111011 -0.020353 0.069689 -0.299375 0.052387 0.071090 -0.068036 -0.059624 -0.218698 0.005004 -0.116753 -0.038211 0.170621 0.105291 -0.283714 -0.202147 -0.017810 0.024914 -0.076574 0.273042 -0.090802 0.140293 0.038801 -0.155384 0.039018 0.043819 0.096533 -0.182004 0.095861 0.296055 -0.147193 -0.031829
laso -0.159299 -0.054719 -0.210146 0.504967 -0.154878 0.215441 0.084932 0.244775 -0.169902 0.225530 0.029196 0.396326 -0.226711 0.140051 -0.074684 0.199015 -0.328003 -0.149115 0.541968 0.162124 -0.647910 -0.057082 -0.029661 -0.477819 -0.629628 -0.092649 -0.355771 0.233050 -0.278344 -0.121424 0.304979 0.357228 -0.452953 0.245115 0.008715 -0.164682 -0.394756 -0.175055 0.123837 0.587523 0.006216 0.176410 -0.013519 -0.501367 -0.056421 -0.130822 -0.116331 -0.013232 -0.002859 0.214204
mu -0.074960 -0.070386 -0.599790 0.368846 -0.515220 -0.019922 -0.335719 0.170444 -0.321086 0.851922 0.600858 0.094933 -0.194800 -0.052635 -0.183195 -0.029727 -0.722456 0.094252 0.437931 -0.123904 -0.547625 -0.396582 0.156962 -0.210020 -0.802081 -0.084952 -0.542344 -0.159501 -0.318676 0.081889 0.539207 0.451283 -0.760489 -0.190608 0.022847 0.051536 -0.513850 0.359345 -0.161995 0.940434 0.169005 -0.104651 0.002545 -0.432699 0.032524 -0.459641 0.168872 0.663776 -0.231316 -0.010188
walo 0.130254 -0.088743 -0.230977 0.564679 -0.047912 0.147024 -0.015789 0.409370 -0.248341 0.366894 0.218367 0.326970 -0.440206 0.118027 -0.193780 0.260845 -0.379763 -0.052931 0.577429 0.142557 -0.593717 -0.014657 -0.073877 -0.445437 -0.750675 -0.309243 -0.479304 0.233341 -0.274719 -0.090627 0.314676 0.464093 -0.710304 0.113915 -0.157349 -0.211622 -0.271330 -0.102728 0.006272 0.565897 -0.103132 0.087482 0.070152 -0.578127 -0.036297 0.035216 0.003079 0.127241 -0.033939 0.234296
Inli -0.056181 -0.063901 -0.123434 -0.183525 -0.583729 -0.212003 -0.297235 -0.054253 0.038307 0.191848 0.213922 -0.182745 0.183871 -0.209107 -0.019403 -0.015820 0.273737 0.199288 -0.199108 -0.239864 -0.030096 -0.152947 0.178129 0.463515 0.095213 0.081291 0.165826 -0.081392 0.034893 0.192383 0.248963 -0.027120 0.311172 -0.171907 0.059758 0.204790 -0.319400 -0.022313 0.061039 0.315248 0.131295 0.216082 -0.201399 0.294871 0.154509 -0.195101 -0.235813 -0.153395 -0.386767 -0.032553
mun 0.297706 0.138433 -0.530433 0.587215 -0.242894 0.225504 -0.516947 -0.044569 -0.128565 0.082375 0.086892 -0.261589 -0.465494 0.279118 -0.125633 0.121265 0.520154 -0.175812 0.319653 -0.122720 0.114394 0.322605 0.421111 -0.511282 -0.098252 -0.319006 -0.350418 -0.378098 -0.141775 -0.133388 -0.194157 -0.214796 -0.245525 0.402282 -0.298305 0.153460 -0.008859 0.055396 -0.319683 0.309896 -0.051641 0.164159 -0.168476 -0.222840 0.289920 0.287089 0.091615 0.218668 0.621915 0.484168
pu 0.211567 0.237628 -0.555142 0.544112 -0.348095 0.268754 -0.290380 0.381760 -0.301362 0.420381 0.664682 0.343179 -0.655073 0.394798 -0.372902 0.326481 -0.705094 -0.035616 0.917122 0.288551 -0.598493 -0.184232 -0.174379 -0.406572 -0.687135 -0.373370 -0.742067 0.238162 -0.238167 -0.255619 0.607370 0.587331 -1.156142 -0.087878 0.112999 0.011779 -0.629737 0.367990 -0.074652 0.972133 -0.050612 -0.134378 0.051635 -0.325181 0.413114 -0.022793 0.287162 0.481316 -0.034112 0.180194
suwi 0.138963 -0.011702 -0.128477 0.372797 0.084640 0.074710 0.123453 0.414841 -0.218340 0.150585 0.123576 0.320342 -0.363332 0.039349 -0.114589 0.263580 -0.421724 0.071459 0.447018 0.068726 -0.439052 -0.127144 -0.140444 -0.370850 -0.652048 -0.264333 -0.441176 0.239373 -0.198558 -0.161145 0.229364 0.473469 -0.617063 0.046168 -0.146715 -0.247131 -0.138573 -0.070956 -0.056556 0.315123 -0.273607 0.101839 0.162901 -0.492479 -0.028879 0.068529 -0.009503 0.076915 -0.078118 0.225097
jaki -0.157997 -0.032597 -0.215362 0.334195 -0.024914 0.072794 0.093264 0.137319 -0.145570 0.370208 0.147788 0.220480 -0.254569 -0.059493 -0.132115 0.012034 -0.585481 -0.117161 0.417917 0.091572 -0.509206 -0.195425 -0.075624 -0.214449 -0.602526 -0.149786 -0.450728 0.148973 -0.290082 0.050466 0.405549 0.291148 -0.568467 0.009173 -0.015711 -0.172292 -0.235346 0.023208 0.070673 0.545020 -0.041341 0.018469 0.108099 -0.365263 -0.032301 -0.104174 -0.032373 0.253512 -0.195141 0.060354
Alansi 0.052514 -0.114054 0.047615 0.506774 0.059827 -0.018934 0.174744 0.281743 -0.153290 0.450609 0.164318 0.255502 0.059975 -0.058070 -0.123730 -0.282011 -0.088101 0.004306 -0.100303 0.030499 -0.621981 0.195590 -0.221420 -0.019494 -0.630874 0.007098 0.229126 0.045067 -0.032806 0.238836 0.190327 0.069633 -0.105980 0.308557 0.101747 -0.318206 0.073519 -0.443815 0.027458 0.528332 0.133648 0.271518 0.053310 -0.549253 -0.065634 -0.038854 -0.126252 -0.168921 0.102620 -0.057434
Losi 0.126043 -0.033385 -0.057119 0.544829 -0.106964 -0.017626 0.093296 0.387323 -0.119490 0.549341 0.294703 0.164033 -0.010213 -0.115703 -0.051071 -0.306973 -0.092796 0.135936 -0.062637 -0.099623 -0.579339 0.080461 -0.212564 0.070890 -0.654279 -0.042756 0.226157 -0.015196 0.003196 0.318063 0.298257 -0.031821 -0.173109 0.312663 0.098651 -0.306141 0.008491 -0.389730 -0.048444 0.686236 0.189348 0.370125 0.069279 -0.498221 0.112385 -0.089892 -0.134875 -0.189351 0.043697 -0.026579
Utu -0.481878 -0.113617 -0.286138 -0.155381 -0.159758 -0.130780 -0.244849 -0.563111 -0.475466 0.644837 -0.002225 -0.489255 0.287181 -0.626958 0.058632 -0.368042 -0.691387 0.196201 -0.410188 -0.111641 0.013519 -0.088848 0.303863 0.318213 -0.517255 -0.011480 -0.075815 -0.579409 -0.580924 0.363905 -0.164923 -0.025497 0.281213 0.022476 0.107257 0.184095 -0.025382 0.027852 0.124192 0.303307 0.369340 0.159549 -0.119469 -0.029116 -0.468445 -0.728631 0.204733 0.693837 -0.452773 -0.100479
kule -0.074373 -0.044607 -0.397836 0.615036 -0.300498 0.125406 -0.058487 0.413039 -0.184818 0.426922 0.252525 0.356331 -0.266114 -0.007983 -0.100580 0.037717 -0.287895 0.011025 0.483242 0.017087 -0.585410 -0.134552 0.105761 -0.245593 -0.714301 -0.120922 -0.231105 0.079265 -0.304362 0.047019 0.572141 0.273408 -0.550502 0.053871 -0.031993 -0.179660 -0.331176 -0.257264 -0.006243 0.869053 -0.058868 0.296523 0.006506 -0.552393 0.184408 -0.251062 -0.223153 0.050683 -0.064894 0.226178
len -0.144777 0.008522 -0.055733 0.111957 -0.069199 0.075205 -0.120465 0.043679 -0.102405 0.134667 0.042471 0.019621 -0.154192 -0.166640 -0.034444 0.063988 -0.446506 0.012590 0.223581 0.029189 -0.204981 -0.156426 0.100065 -0.087444 -0.365670 -0.210985 -0.312912 0.075935 -0.218517 -0.052409 0.245244 0.321652 -0.345448 -0.176854 -0.072989 -0.062023 -0.121980 0.037188 0.036000 0.190291 -0.081937 -0.029563 -0.022252 -0.234868 -0.120247 -0.147490 0.062813 0.143713 -0.314964 0.107059
pan 0.191356 0.031240 -0.176880 0.195527 -0.057895 0.063450 -0.084926 0.327238 -0.119425 0.179478 0.318568 0.041162 -0.283477 0.044342 -0.049679 0.113032 -0.324812 0.038751 0.332756 0.027484 -0.082886 -0.239798 0.000301 -0.008234 -0.330375 -0.204316 -0.373218 0.180080 -0.120377 -0.086775 0.341370 0.188454 -0.523250 -0.247017 -0.011989 -0.093176 -0.219116 0.170326 -0.129766 0.379557 -0.112619 -0.100330 0.046113 -0.089497 0.285445 -0.020484 0.084245 0.207079 -0.079156 0.086109
... -0.110050 0.051310 -0.304951 0.213118 -0.312881 0.128640 -0.294603 0.006805 -0.071346 0.318228 0.346676 0.117954 -0.195273 0.041192 -0.141730 0.088990 -0.363578 -0.015852 0.324016 -0.036260 -0.367946 -0.161180 0.225284 -0.115176 -0.363208 -0.188011 -0.389351 -0.047673 -0.133654 -0.016436 0.430634 0.275411 -0.487591 -0.126589 -0.039662 0.032089 -0.302336 0.256997 -0.098321 0.461855 -0.047609 -0.112469 -0.153764 -0.184320 0.086852 -0.215833 0.133532 0.242320 -0.295034 0.027368
Mewika 0.028827 -0.062211 -0.120793 0.557242 0.018206 -0.047428 0.364829 0.330370 0.034616 0.333723 0.154769 0.418190 0.026443 0.120791 0.011065 -0.248627 0.010785 -0.084514 -0.026705 -0.046300 -0.517787 0.034948 -0.468817 -0.165596 -0.395646 0.083696 0.233350 0.050843 0.067214 0.338179 0.187383 -0.122661 -0.308208 0.439926 0.081733 -0.352950 0.177485 -0.248148 -0.039171 0.620475 0.067040 0.208173 0.277490 -0.454098 0.322974 0.207069 -0.170244 -0.144703 0.209996 -0.154837
Elopa 0.034392 -0.101435 -0.089500 0.684327 -0.078190 0.053152 0.204978 0.362974 -0.081313 0.459917 0.200295 0.379826 -0.045933 0.110321 -0.075536 -0.233830 -0.026534 -0.140607 0.062942 -0.005586 -0.685460 0.144713 -0.327046 -0.172023 -0.574520 -0.024667 0.150039 0.073742 0.006709 0.295969 0.304523 0.018457 -0.349097 0.462625 0.093247 -0.331064 0.038862 -0.327566 0.004978 0.787163 0.119625 0.262564 0.139628 -0.528143 0.247089 0.151562 -0.163601 -0.152957 0.156551 -0.048259
meji -0.003395 -0.002603 -0.149167 0.048823 -0.271083 0.046819 -0.182014 -0.038194 -0.131824 0.293335 0.270954 -0.081505 0.019486 0.014563 -0.004758 0.023561 -0.276519 -0.017739 0.106963 0.049519 -0.027237 -0.053366 0.137804 0.141877 -0.037657 -0.033244 -0.152846 -0.027678 -0.119912 0.042937 0.157078 0.103088 -0.144225 -0.182596 0.061482 0.129017 -0.212853 0.260246 -0.032785 0.219121 0.139419 -0.118093 -0.100575 0.049984 0.024430 -0.143881 0.103955 0.279654 -0.157515 -0.099647
namako 0.116840 -0.014355 -0.179453 0.172530 -0.097743 0.051756 -0.069153 0.205924 -0.117537 0.203704 0.231866 0.153499 -0.228037 0.107437 -0.155363 0.132435 -0.214090 0.015479 0.357649 0.075606 -0.218332 -0.169592 -0.012865 -0.119546 -0.340963 -0.099432 -0.266086 0.081666 -0.101538 -0.092348 0.247714 0.232803 -0.435249 -0.113378 0.005381 -0.051606 -0.255184 0.099544 -0.080249 0.328389 -0.028551 -0.109004 0.025306 -0.164974 0.082150 -0.081943 0.033556 0.176722 -0.011935 0.075031
Uluku 0.021839 -0.106345 -0.210977 0.371998 -0.072255 -0.279227 0.302558 0.106152 -0.109347 0.543149 0.138479 0.103519 0.111332 -0.153807 -0.055550 -0.386933 -0.050741 0.090453 -0.205898 -0.122598 -0.471996 -0.175218 -0.398493 0.191693 -0.478469 0.203566 0.268237 -0.148686 -0.086461 0.376689 0.140442 -0.168472 0.017021 0.200790 0.243607 -0.309273 -0.088360 -0.324672 0.080358 0.683655 0.181433 0.247681 0.133225 -0.357993 0.134708 -0.131183 -0.167291 0.132167 0.060995 -0.182720
selo -0.013906 -0.037028 -0.269810 0.425770 -0.079763 0.033284 0.161062 0.280766 -0.083235 0.248308 0.065942 0.324781 -0.212149 0.096622 -0.041234 0.002565 -0.122121 -0.071739 0.252692 0.014104 -0.463463 -0.148488 -0.213225 -0.257081 -0.477848 -0.023098 -0.099863 0.077308 -0.045103 0.050621 0.273907 0.053097 -0.414833 0.282686 0.058351 -0.284584 -0.177488 -0.151858 0.024639 0.607098 0.061180 0.123270 0.179371 -0.356426 0.253339 -0.011570 -0.116581 0.064090 0.075509 0.055545
unpa 0.166191 -0.045737 -0.043048 0.213318 0.101329 0.171321 -0.135800 0.098454 -0.036031 0.073462 0.111858 0.140009 -0.095409 0.272774 -0.068702 0.124254 -0.005570 -0.111813 0.228999 0.178739 -0.026835 0.201483 0.079245 -0.266705 -0.023284 -0.105997 -0.156430 0.125613 -0.010426 -0.098973 -0.018534 0.099840 -0.219292 -0.009498 -0.123853 0.026850 0.021778 0.133825 -0.054215 -0.001561 0.015219 -0.063516 -0.062562 -0.166922 0.011427 0.153315 0.090206 0.020894 0.268832 0.043660
- -0.024179 0.083357 -0.140527 -0.329955 0.061406 0.090340 -0.157310 -0.170744 -0.031592 -0.057129 0.120873 -0.096676 -0.012470 0.144371 -0.137618 0.107901 -0.140084 0.027531 0.091606 0.006776 0.150218 -0.187039 0.102822 -0.023899 0.083101 0.022754 -0.192744 -0.022963 -0.002085 -0.145092 0.077722 0.101101 0.022371 -0.162846 -0.071724 0.172834 -0.147053 0.364360 -0.063675 -0.149412 0.021374 -0.298421 -0.047452 0.144289 0.006801 -0.147241 0.252026 0.234007 -0.024720 -0.076073
Takaki 0.018904 -0.086384 -0.543591 0.414125 -0.452321 -0.036867 -0.312923 0.245713 -0.294626 0.719024 0.507003 0.089370 -0.222250 -0.073651 -0.181023 0.012859 -0.545760 0.101685 0.385595 -0.102623 -0.461511 -0.306924 0.134954 -0.168844 -0.711961 -0.137351 -0.483742 -0.064742 -0.277015 0.067977 0.488993 0.357160 -0.645998 -0.141526 -0.015180 0.019565 -0.430070 0.215982 -0.121065 0.877916 0.113391 0.041987 -0.026445 -0.376257 0.145047 -0.305109 0.054011 0.480527 -0.208601 0.058743
nampa 0.187020 0.199763 -0.463725 0.255780 -0.547967 0.139123 -0.619230 0.101596 -0.197212 0.011909 0.208632 -0.304373 -0.494142 0.306816 -0.306175 0.174668 0.364896 -0.178676 0.478882 -0.104620 0.091637 -0.061758 0.456143 -0.164796 0.033204 -0.277627 -0.486349 -0.156069 -0.082329 -0.383785 0.213899 0.101779 -0.304788 0.006305 -0.180646 0.414093 -0.423471 0.140015 -0.223850 0.310848 -0.078279 -0.036688 -0.290532 0.208911 0.559593 0.150284 0.085156 0.190338 -0.025161 0.385411
Mi 0.021059 0.048441 -0.173985 0.077503 -0.011912 0.056796 -0.074507 0.068470 -0.054048 0.105143 0.179804 0.098732 -0.207211 0.085860 -0.073918 0.108222 -0.362231 0.042568 0.276567 0.024170 -0.053485 -0.253738 0.025542 -0.134771 -0.154396 -0.105648 -0.327067 0.114176 -0.082752 -0.118020 0.238440 0.170485 -0.437212 -0.193074 -0.077248 -0.019914 -0.145769 0.284220 -0.107094 0.181977 -0.058464 -0.178728 0.035539 -0.068593 0.123141 -0.025071 0.133556 0.186125 -0.090073 0.075332
Ikea -0.052508 0.012497 -0.342487 -0.119565 -0.191596 -0.005791 -0.164673 -0.089179 -0.233759 0.410479 0.348915 -0.123659 0.065524 -0.224037 0.083007 -0.038300 -0.664404 0.246807 -0.011363 -0.043602 0.072297 -0.380494 0.070126 0.151636 -0.264830 -0.057367 -0.272591 -0.180426 -0.238437 0.162145 0.198062 0.147517 -0.277010 -0.301694 0.038061 0.084978 -0.094187 0.440437 -0.102631 0.271812 0.176851 -0.229314 0.047845 0.011347 -0.058509 -0.392381 0.274529 0.572692 -0.269095 -0.133974
J -0.014187 -0.022972 0.057118 -0.154070 0.006835 -0.038512 -0.236451 -0.222996 -0.063530 0.136724 0.042955 -0.259529 0.140978 -0.194757 0.013355 -0.164354 0.003603 0.170877 -0.249736 -0.106959 0.121743 0.092908 0.166993 0.212524 -0.006250 -0.029154 0.086999 -0.213863 -0.025796 0.086276 -0.157974 -0.046290 0.304536 -0.067768 -0.045589 0.095450 0.093746 -0.020239 -0.053825 -0.136397 0.104088 0.069335 -0.151873 0.048616 -0.247824 -0.196302 0.104450 0.050199 -0.037061 -0.047702
Mato -0.033586 -0.080412 -0.197821 -0.121727 -0.399390 -0.162750 -0.421482 -0.223824 -0.199496 0.497275 0.363414 -0.244442 0.230252 -0.338371 -0.047416 -0.206612 -0.278640 0.304645 -0.246919 -0.193688 -0.030937 -0.123174 0.269883 0.382406 -0.216465 0.009339 0.004644 -0.296640 -0.165814 0.242108 0.117504 0.101417 0.211193 -0.247745 0.074373 0.170322 -0.194545 0.124347 -0.022202 0.252830 0.240126 0.040407 -0.249105 0.019185 -0.190324 -0.447204 0.112259 0.296592 -0.348284 -0.132775
Sewiko -0.008678 -0.033674 -0.138564 -0.029959 -0.233012 -0.031833 -0.318981 -0.148717 -0.177650 0.364646 0.201334 -0.200356 0.060290 -0.206333 -0.060882 -0.093378 -0.193194 0.181397 -0.106831 -0.101234 -0.036921 -0.032702 0.242226 0.191639 -0.216776 -0.081667 -0.069992 -0.208645 -0.177231 0.103447 0.051075 0.085718 0.080882 -0.113156 0.023496 0.125072 -0.125879 0.048725 -0.037619 0.216144 0.128968 0.060863 -0.182613 -0.030698 -0.154623 -0.327285 0.070457 0.214676 -0.186991 -0.001064
jelo 0.048294 -0.015556 -0.381630 0.564604 -0.254336 0.136927 -0.062614 0.296851 -0.215033 0.375075 0.241800 0.279530 -0.334771 0.042259 -0.143496 0.194708 -0.413826 -0.010464 0.512850 0.079435 -0.544197 -0.160163 0.012416 -0.413025 -0.669212 -0.209765 -0.470786 0.119726 -0.315491 -0.070650 0.376070 0.420684 -0.625346 0.117623 -0.082215 -0.173067 -0.345804 -0.021104 -0.014793 0.667155 -0.068869 0.135393 0.020507 -0.501901 0.059194 -0.065363 -0.038200 0.216766 -0.057517 0.225985
Akito 0.063389 -0.079042 -0.081097 0.004846 -0.120336 -0.108359 -0.246346 -0.144916 -0.097283 0.268303 0.176377 -0.182628 0.109080 -0.173515 -0.035574 -0.193300 0.035888 0.176433 -0.229096 -0.141194 0.011472 0.053923 0.098796 0.186598 -0.110500 -0.012456 0.091435 -0.252658 -0.046071 0.163161 -0.049355 -0.052620 0.189978 0.001842 -0.020505 0.062345 0.023596 -0.023052 -0.098327 0.164822 0.122948 0.112363 -0.109422 -0.033003 -0.073158 -0.156223 0.063751 0.094096 -0.018454 -0.044374
kipisi 0.111549 -0.019258 -0.088621 0.157542 0.048597 0.091820 -0.113695 0.065861 -0.023108 0.028822 0.074296 0.068736 -0.118425 0.176089 -0.079473 0.078795 0.056065 -0.056979 0.164667 0.060766 -0.035353 0.091752 0.048466 -0.189077 -0.053803 -0.082453 -0.095867 0.010771 0.025842 -0.067836 -0.028294 0.038758 -0.130148 0.065873 -0.049326 0.020807 -0.013756 0.059461 -0.080162 0.061776 -0.019828 -0.029324 -0.026176 -0.093557 0.075240 0.118770 0.079355 0.067706 0.203530 0.078066
Damin -0.103242 -0.047073 -0.324401 -0.236936 -0.822809 -0.129990 -0.307194 -0.187326 0.067508 0.416913 0.555647 -0.254381 0.318393 -0.147556 0.163774 -0.159399 -0.114931 0.121600 -0.161437 -0.205100 0.160731 -0.207508 0.197096 0.564715 0.353685 0.175556 0.165022 -0.289819 -0.053174 0.362359 0.276887 -0.040660 0.150607 -0.240422 0.101212 0.350945 -0.262735 0.488073 -0.023785 0.318350 0.271365 -0.092289 -0.155137 0.425921 0.280166 -0.163566 0.097361 0.266244 -0.357337 -0.293562
Inta 0.101959 -0.059047 -0.095867 0.090048 -0.110479 -0.015975 -0.270046 -0.069570 -0.186887 0.302776 0.198872 -0.177661 0.034370 -0.149580 -0.046968 -0.150668 0.004124 0.174463 -0.139402 -0.112710 -0.056436 0.078332 0.127240 0.128818 -0.246683 -0.085241 0.007551 -0.208063 -0.087800 0.105868 -0.006036 -0.019473 0.147951 0.046047 0.003014 0.045861 -0.027407 -0.077262 -0.060054 0.246597 0.151397 0.140436 -0.135973 -0.105910 -0.054381 -0.182498 0.083485 0.129737 -0.005802 0.009178
alasa 0.021010 0.046336 -0.124360 0.100099 -0.168118 0.080609 -0.152876 0.113897 -0.093238 0.119937 0.124029 0.036783 -0.153762 -0.000781 -0.127973 0.089293 -0.161198 0.025321 0.186962 0.011584 -0.148382 -0.099079 0.118672 -0.022728 -0.159253 -0.098930 -0.192666 0.068984 -0.080166 -0.092426 0.174838 0.145887 -0.211477 -0.078691 0.022921 -0.010278 -0.172100 0.017259 -0.023009 0.223259 -0.011955 -0.000377 -0.070815 -0.076273 0.046989 -0.146571 0.003389 0.112332 -0.111417 0.127449
toke -0.067437 -0.003140 -0.002682 -0.124446 -0.098527 -0.014610 -0.080223 -0.033352 -0.011073 0.035881 0.073980 -0.053946 0.051612 0.014777 0.004354 -0.033787 -0.127489 -0.006776 -0.000229 0.018592 0.136967 -0.060901 0.090353 0.102920 0.117778 0.042283 -0.046734 -0.017505 -0.011689 -0.030686 0.014257 0.072963 -0.030412 -0.141807 0.062246 0.117317 -0.017338 0.185468 -0.009210 -0.073332 -0.030427 -0.076556 -0.023671 0.156485 0.052429 -0.039623 0.064031 0.096715 -0.092453 -0.056484
Asina 0.077743 -0.046487 -0.037825 0.180204 -0.079492 0.004956 -0.192448 0.001347 -0.139703 0.277592 0.155805 -0.064165 -0.014862 -0.127296 -0.100492 -0.119111 -0.026582 0.095729 -0.059758 -0.033796 -0.210131 0.092477 0.106770 0.043873 -0.302813 -0.084631 -0.002481 -0.093717 -0.057684 0.081812 0.076721 0.063011 0.047422 0.039857 0.003785 -0.025402 -0.077000 -0.143305 -0.026023 0.255366 0.095461 0.146457 -0.120759 -0.215436 -0.107772 -0.153490 0.036047 0.040328 -0.003965 0.047246
Kolisu 0.144565 -0.093225 -0.137321 0.264143 -0.032408 0.022743 -0.131813 0.012518 -0.097904 0.220694 0.113918 -0.012461 -0.110676 -0.008354 -0.061449 0.019335 0.041602 0.023894 0.036299 0.008118 -0.151979 0.131278 0.011930 -0.156840 -0.223037 -0.120824 -0.117186 -0.026799 -0.131908 0.097628 -0.032180 0.013969 -0.058964 0.135415 -0.071804 -0.067040 -0.037455 -0.084616 -0.021126 0.305524 0.100223 0.154873 -0.054850 -0.254869 -0.022902 -0.010507 -0.053794 0.102300 0.182152 0.084380
LW 0.100914 0.016487 -0.296327 0.230754 -0.153413 0.107159 -0.167792 0.133662 -0.119098 0.263948 0.280638 0.031511 -0.215291 0.072333 -0.043416 0.082539 -0.245761 -0.008523 0.268695 -0.016627 -0.116432 -0.138228 0.052535 -0.105490 -0.298553 -0.154720 -0.322069 -0.009355 -0.141773 -0.004092 0.232570 0.116855 -0.410655 -0.082817 -0.080937 -0.027026 -0.185600 0.169198 -0.113400 0.418561 -0.027306 -0.061762 0.020782 -0.118642 0.194507 -0.045447 0.118250 0.230943 -0.011758 0.070055
Nintu -0.244741 -0.072042 -0.192267 0.077660 -0.073398 -0.037787 -0.142901 -0.277067 -0.301626 0.389945 -0.039178 -0.210181 0.066312 -0.284192 -0.037610 -0.180783 -0.263950 0.014035 -0.139874 -0.039283 -0.117000 0.048383 0.157734 0.052836 -0.421110 -0.044245 -0.100734 -0.309223 -0.347964 0.144466 -0.089519 -0.018534 0.094398 0.142478 0.063184 0.057651 -0.039926 -0.115736 0.086226 0.291705 0.187133 0.204326 -0.090720 -0.136043 -0.237987 -0.329036 0.056176 0.323442 -0.161683 0.019622
Pi -0.064106 0.242991 -0.673296 0.287265 -0.423250 0.179237 -0.374507 -0.214429 -0.412270 0.474564 0.144476 -0.338990 -0.296508 -0.112907 -0.129081 -0.028573 -0.240717 0.176723 0.253109 -0.220849 -0.153563 -0.187764 0.349114 -0.230628 -0.648011 -0.218785 -0.490313 -0.571160 -0.323735 -0.154363 0.030616 0.014437 -0.288051 0.318071 -0.013780 0.108565 -0.325662 0.028394 -0.171376 0.659679 0.130982 0.145969 -0.068488 -0.202256 0.019713 -0.435983 0.217076 0.683364 0.062682 0.289351
Solon -0.021714 -0.054559 -0.036151 -0.139508 -0.101284 -0.123125 -0.237241 -0.196833 -0.100953 0.219136 0.130485 -0.220037 0.156715 -0.251224 0.000562 -0.133994 -0.079260 0.214274 -0.252809 -0.138958 0.072029 -0.021708 0.131756 0.259914 -0.061268 -0.002844 0.062735 -0.224874 -0.070231 0.154700 -0.055085 -0.026348 0.261024 -0.092865 -0.009852 0.097090 -0.000349 -0.000166 -0.018572 0.029771 0.110636 0.044546 -0.111513 0.038861 -0.160286 -0.270449 0.056246 0.092851 -0.159690 -0.084948
alisa 0.035768 -0.015872 -0.094543 0.079390 -0.063369 0.068778 -0.106279 0.085015 -0.052079 0.125615 0.143798 0.017696 -0.109168 0.093055 -0.093127 0.055371 -0.092429 -0.028555 0.141544 0.050944 -0.066131 -0.042940 0.039442 -0.026784 -0.094702 -0.044964 -0.157864 0.038093 -0.046281 -0.032347 0.130672 0.070958 -0.172905 -0.051171 -0.012531 0.008523 -0.108134 0.114900 -0.026360 0.162612 0.020378 -0.047176 -0.027693 -0.042680 0.112299 -0.009230 0.050318 0.109217 -0.002613 0.028007
Jawe -0.221337 -0.052763 -0.200709 0.065211 -0.035928 -0.038318 -0.138831 -0.228008 -0.323112 0.403869 -0.012542 -0.216272 0.047324 -0.289447 -0.015403 -0.192527 -0.369641 0.074213 -0.124386 -0.033719 -0.087321 0.018935 0.165908 0.052991 -0.443914 -0.078777 -0.127913 -0.287280 -0.351784 0.158956 -0.085875 0.014532 0.052351 0.094387 0.028132 0.044964 -0.009527 -0.035393 0.052929 0.276388 0.204831 0.169818 -0.084545 -0.157626 -0.272579 -0.368471 0.095489 0.385494 -0.141832 -0.003080
Kipo -0.025863 -0.055221 -0.029408 -0.095568 -0.191080 -0.098490 -0.192218 -0.111238 -0.077999 0.252864 0.182442 -0.094014 0.133653 -0.161535 -0.018409 -0.120435 -0.166768 0.153605 -0.136145 -0.050208 0.003998 -0.041725 0.132008 0.250132 -0.038169 0.035944 0.022535 -0.136896 -0.056202 0.140851 0.048839 0.085121 0.138552 -0.188872 0.076344 0.107224 -0.079705 0.110653 -0.002835 0.079522 0.118996 0.013524 -0.140381 0.059282 -0.100592 -0.238332 0.067988 0.127596 -0.224332 -0.103588
Ona -0.021094 -0.000872 -0.079771 0.032503 -0.096961 0.032212 -0.083005 -0.016006 -0.016093 0.091699 0.096209 0.010972 -0.019609 0.005672 -0.002043 -0.000284 -0.122907 -0.008294 0.041265 -0.004489 -0.055887 -0.047139 0.042735 -0.014749 -0.051969 -0.037424 -0.095678 -0.011847 -0.059280 0.031693 0.089787 0.050735 -0.098365 -0.049223 -0.014571 0.053534 -0.066535 0.118121 0.005194 0.096061 0.046971 -0.050483 -0.018299 -0.025529 0.032521 -0.021876 0.040112 0.050849 -0.085226 -0.005571
Ote 0.022408 -0.023605 -0.145226 0.029703 -0.219572 -0.009371 -0.220790 -0.061747 -0.070608 0.247376 0.237217 -0.042989 0.005319 -0.043433 -0.041807 -0.041464 -0.135738 0.062127 0.052963 -0.048178 -0.017635 -0.035646 0.130690 0.077397 -0.081033 -0.009041 -0.090425 -0.144882 -0.082873 0.047491 0.070755 0.096572 -0.072730 -0.120758 0.015972 0.106368 -0.131289 0.176844 -0.075957 0.179270 0.071632 -0.045720 -0.100454 0.007376 -0.002444 -0.128810 0.084559 0.197658 -0.097739 -0.036565
Wensa 0.037202 -0.019387 -0.061804 0.149008 -0.113833 -0.054062 -0.034574 0.130057 -0.036142 0.195778 0.112003 0.034174 -0.003767 -0.047005 -0.055060 -0.081747 0.001284 0.065346 -0.037149 -0.057377 -0.176727 -0.023213 -0.046934 0.093240 -0.180030 -0.011342 0.069608 -0.014238 0.000024 0.121547 0.143692 -0.019024 -0.037552 0.045036 0.044788 -0.042572 -0.027671 -0.088834 -0.015823 0.275354 0.044652 0.141638 0.004715 -0.069856 0.094020 -0.064989 -0.091842 -0.049873 -0.062256 -0.021410
sitelin -0.035652 0.014301 -0.187892 0.014738 -0.238395 0.004333 -0.132172 0.031162 -0.064154 0.175468 0.190875 0.000151 -0.059192 0.048439 -0.091839 0.045370 -0.168616 0.013578 0.149062 0.000980 -0.021222 -0.120513 0.100535 0.010163 0.006946 -0.024326 -0.186303 -0.000686 -0.077228 -0.036409 0.148571 0.120730 -0.198191 -0.133337 0.023079 0.128560 -0.188171 0.198510 -0.008871 0.209708 0.034546 -0.054939 -0.034234 0.097641 0.140647 -0.055400 0.058924 0.182640 -0.132326 -0.004635
<unk> 0.011858 -0.012731 -0.128102 0.174591 -0.118059 0.031279 -0.061413 0.093317 -0.083254 0.186587 0.129978 0.069689 -0.105322 0.001089 -0.061492 0.019152 -0.147697 0.004588 0.149010 0.005926 -0.204801 -0.056532 0.016809 -0.070814 -0.243880 -0.077946 -0.146421 0.026054 -0.091974 0.012729 0.163003 0.122387 -0.210454 0.012021 0.003608 -0.037573 -0.133557 0.007215 -0.011873 0.276746 0.019570 0.033693 -0.013052 -0.156947 0.043731 -0.060876 0.004879 0.093725 -0.055076 0.045316
